timestamp,id,x,y,simid,ESstate,currEC,maxEC,totalcurrEC
1760555221223,0,1000,1000
1760555221223,2,500,500,1760555221223,0,0,0,0
1760555221223,3,700,500,1760555221223,0,0,0,0
1760555221223,4,400,673.205,1760555221223,0,0,0,0
1760555221223,5,400,326.795,1760555221223,0,0,0,0
1760555221323,2,500,500,1760555221223,0,0,0,0
1760555221323,3,700,500,1760555221223,0,0,0,0
1760555221323,4,400,673.205,1760555221223,0,0,0,0
1760555221323,5,400,326.795,1760555221223,0,0,0,0
1760555221423,2,500,500,1760555221223,0,0,0,0
1760555221423,3,700,500,1760555221223,0,0,0,0
1760555221423,4,400,673.205,1760555221223,0,0,0,0
1760555221423,5,400,326.795,1760555221223,0,0,0,0
1760555221523,2,500,500,1760555221223,0,0,0,0
1760555221523,3,700,500,1760555221223,0,0,0,0
1760555221523,4,400,673.205,1760555221223,0,0,0,0
1760555221523,5,400,326.795,1760555221223,0,0,0,0
1760555221623,2,500,500,1760555221223,0,0,0,0
1760555221623,3,700,500,1760555221223,0,0,0,0
1760555221623,4,400,673.205,1760555221223,0,0,0,0
1760555221623,5,400,326.795,1760555221223,0,0,0,0
1760555221723,2,500,500,1760555221223,0,0,0,0
1760555221723,3,700,500,1760555221223,0,0,0,0
1760555221723,4,400,673.205,1760555221223,0,0,0,0
1760555221723,5,400,326.795,1760555221223,0,0,0,0
1760555221823,2,500,500,1760555221223,0,0,0,0
1760555221823,3,700,500,1760555221223,0,0,0,0
1760555221823,4,400,673.205,1760555221223,0,0,0,0
1760555221823,5,400,326.795,1760555221223,0,0,0,0
1760555221923,2,500,500,1760555221223,0,0,0,0
1760555221923,3,700,500,1760555221223,0,0,0,0
1760555221923,4,400,673.205,1760555221223,0,0,0,0
1760555221923,5,400,326.795,1760555221223,0,0,0,0
1760555222023,2,500,500,1760555221223,0,0,0,0
1760555222023,3,700,500,1760555221223,0,0,0,0
1760555222023,4,400,673.205,1760555221223,0,0,0,0
1760555222023,5,400,326.795,1760555221223,0,0,0,0
1760555222123,2,500,500,1760555221223,0,0,0,0
1760555222123,3,700,500,1760555221223,0,0,0,0
1760555222123,4,400,673.205,1760555221223,0,0,0,0
1760555222123,5,400,326.795,1760555221223,0,0,0,0
1760555222223,2,500,500,1760555221223,0,0,0,0
1760555222223,3,700,500,1760555221223,0,0,0,0
1760555222223,4,400,673.205,1760555221223,0,0,0,0
1760555222223,5,400,326.795,1760555221223,0,0,0,0
1760555222323,2,500,500,1760555221223,0,0,0,0
1760555222323,3,700,500,1760555221223,0,0,0,0
1760555222323,4,400,673.205,1760555221223,0,0,0,0
1760555222323,5,400,326.795,1760555221223,0,0,0,0
1760555222423,2,500,500,1760555221223,0,0,0,0
1760555222423,3,700,500,1760555221223,0,0,0,0
1760555222423,4,400,673.205,1760555221223,0,0,0,0
1760555222423,5,400,326.795,1760555221223,0,0,0,0
1760555222523,2,500,500,1760555221223,0,0,0,0
1760555222523,3,700,500,1760555221223,0,0,0,0
1760555222523,4,400,673.205,1760555221223,0,0,0,0
1760555222523,5,400,326.795,1760555221223,0,0,0,0
1760555222623,2,500,500,1760555221223,0,0,0,0
1760555222623,3,700,500,1760555221223,0,0,0,0
1760555222623,4,400,673.205,1760555221223,0,0,0,0
1760555222623,5,400,326.795,1760555221223,0,0,0,0
1760555222723,2,500,500,1760555221223,0,0,0,0
1760555222723,3,700,500,1760555221223,0,0,0,0
1760555222723,4,400,673.205,1760555221223,0,0,0,0
1760555222723,5,400,326.795,1760555221223,0,0,0,0
1760555222823,2,500,500,1760555221223,0,0,0,0
1760555222823,3,700,500,1760555221223,0,0,0,0
1760555222823,4,400,673.205,1760555221223,0,0,0,0
1760555222823,5,400,326.795,1760555221223,0,0,0,0
1760555222923,2,500,500,1760555221223,0,0,0,0
1760555222923,3,700,500,1760555221223,0,0,0,0
1760555222923,4,400,673.205,1760555221223,0,0,0,0
1760555222923,5,400,326.795,1760555221223,0,0,0,0
1760555223023,2,500,500,1760555221223,0,0,0,0
1760555223023,3,700,500,1760555221223,0,0,0,0
1760555223023,4,400,673.205,1760555221223,0,0,0,0
1760555223023,5,400,326.795,1760555221223,0,0,0,0
1760555223123,2,500,500,1760555221223,0,0,0,0
1760555223123,3,700,500,1760555221223,0,0,0,0
1760555223123,4,400,673.205,1760555221223,0,0,0,0
1760555223123,5,400,326.795,1760555221223,0,0,0,0
1760555223223,2,500,500,1760555221223,0,0,0,0
1760555223223,3,700,500,1760555221223,0,0,0,0
1760555223223,4,400,673.205,1760555221223,0,0,0,0
1760555223223,5,400,326.795,1760555221223,0,0,0,0
1760555223323,2,500,500,1760555221223,0,0,0,0
1760555223323,3,700,500,1760555221223,0,0,0,0
1760555223323,4,400,673.205,1760555221223,0,0,0,0
1760555223323,5,400,326.795,1760555221223,0,0,0,0
1760555223423,2,500,500,1760555221223,0,0,0,0
1760555223423,3,700,500,1760555221223,0,0,0,0
1760555223423,4,400,673.205,1760555221223,0,0,0,0
1760555223423,5,400,326.795,1760555221223,0,0,0,0
1760555223523,2,500,500,1760555221223,0,0,0,0
1760555223523,3,700,500,1760555221223,0,0,0,0
1760555223523,4,400,673.205,1760555221223,0,0,0,0
1760555223523,5,400,326.795,1760555221223,0,0,0,0
1760555223623,2,500,500,1760555221223,0,0,0,0
1760555223623,3,700,500,1760555221223,0,0,0,0
1760555223623,4,400,673.205,1760555221223,0,0,0,0
1760555223623,5,400,326.795,1760555221223,0,0,0,0
1760555223723,2,500,500,1760555221223,0,0,0,0
1760555223723,3,700,500,1760555221223,0,0,0,0
1760555223723,4,400,673.205,1760555221223,0,0,0,0
1760555223723,5,400,326.795,1760555221223,0,0,0,0
1760555223823,2,500,500,1760555221223,0,0,0,0
1760555223823,3,700,500,1760555221223,0,0,0,0
1760555223823,4,400,673.205,1760555221223,0,0,0,0
1760555223823,5,400,326.795,1760555221223,0,0,0,0
1760555223923,2,500,500,1760555221223,0,0,0,0
1760555223923,3,700,500,1760555221223,0,0,0,0
1760555223923,4,400,673.205,1760555221223,0,0,0,0
1760555223923,5,400,326.795,1760555221223,0,0,0,0
1760555224023,2,500,500,1760555221223,0,0,0,0
1760555224023,3,700,500,1760555221223,0,0,0,0
1760555224023,4,400,673.205,1760555221223,0,0,0,0
1760555224023,5,400,326.795,1760555221223,0,0,0,0
1760555224123,2,500,500,1760555221223,0,0,0,0
1760555224123,3,700,500,1760555221223,0,0,0,0
1760555224123,4,400,673.205,1760555221223,0,0,0,0
1760555224123,5,400,326.795,1760555221223,0,0,0,0
1760555224223,2,500,500,1760555221223,0,0,0,0
1760555224223,3,700,500,1760555221223,0,0,0,0
1760555224223,4,400,673.205,1760555221223,0,0,0,0
1760555224223,5,400,326.795,1760555221223,0,0,0,0
1760555224323,2,500,500,1760555221223,0,0,0,0
1760555224323,3,700,500,1760555221223,0,0,0,0
1760555224323,4,400,673.205,1760555221223,0,0,0,0
1760555224323,5,400,326.795,1760555221223,0,0,0,0
1760555224423,2,500,500,1760555221223,0,0,0,0
1760555224423,3,700,500,1760555221223,0,0,0,0
1760555224423,4,400,673.205,1760555221223,0,0,0,0
1760555224423,5,400,326.795,1760555221223,0,0,0,0
1760555224523,2,500,500,1760555221223,0,0,0,0
1760555224523,3,700,500,1760555221223,0,0,0,0
1760555224523,4,400,673.205,1760555221223,0,0,0,0
1760555224523,5,400,326.795,1760555221223,0,0,0,0
1760555224623,2,500,500,1760555221223,0,0,0,0
1760555224623,3,700,500,1760555221223,0,0,0,0
1760555224623,4,400,673.205,1760555221223,0,0,0,0
1760555224623,5,400,326.795,1760555221223,0,0,0,0
1760555224723,2,500,500,1760555221223,0,0,0,0
1760555224723,3,700,500,1760555221223,0,0,0,0
1760555224723,4,400,673.205,1760555221223,0,0,0,0
1760555224723,5,400,326.795,1760555221223,0,0,0,0
1760555224823,2,500,500,1760555221223,0,0,0,0
1760555224823,3,700,500,1760555221223,0,0,0,0
1760555224823,4,400,673.205,1760555221223,0,0,0,0
1760555224823,5,400,326.795,1760555221223,0,0,0,0
1760555224923,2,500,500,1760555221223,0,0,0,0
1760555224923,3,700,500,1760555221223,0,0,0,0
1760555224923,4,400,673.205,1760555221223,0,0,0,0
1760555224923,5,400,326.795,1760555221223,0,0,0,0
1760555225023,2,500,500,1760555221223,0,0,0,0
1760555225023,3,700,500,1760555221223,0,0,0,0
1760555225023,4,400,673.205,1760555221223,0,0,0,0
1760555225023,5,400,326.795,1760555221223,0,0,0,0
1760555225123,2,500,500,1760555221223,0,0,0,0
1760555225123,3,700,500,1760555221223,0,0,0,0
1760555225123,4,400,673.205,1760555221223,0,0,0,0
1760555225123,5,400,326.795,1760555221223,0,0,0,0
1760555225223,2,500,500,1760555221223,0,0,0,0
1760555225223,3,700,500,1760555221223,0,0,0,0
1760555225223,4,400,673.205,1760555221223,0,0,0,0
1760555225223,5,400,326.795,1760555221223,0,0,0,0
1760555225323,2,500,500,1760555221223,0,0,0,0
1760555225323,3,700,500,1760555221223,0,0,0,0
1760555225323,4,400,673.205,1760555221223,0,0,0,0
1760555225323,5,400,326.795,1760555221223,0,0,0,0
1760555225423,2,500,500,1760555221223,0,0,0,0
1760555225423,3,700,500,1760555221223,0,0,0,0
1760555225423,4,400,673.205,1760555221223,0,0,0,0
1760555225423,5,400,326.795,1760555221223,0,0,0,0
1760555225523,2,500,500,1760555221223,0,0,0,0
1760555225523,3,700,500,1760555221223,0,0,0,0
1760555225523,4,400,673.205,1760555221223,0,0,0,0
1760555225523,5,400,326.795,1760555221223,0,0,0,0
1760555225623,2,500,500,1760555221223,0,0,0,0
1760555225623,3,700,500,1760555221223,0,0,0,0
1760555225623,4,400,673.205,1760555221223,0,0,0,0
1760555225623,5,400,326.795,1760555221223,0,0,0,0
1760555225723,2,500,500,1760555221223,0,0,0,0
1760555225723,3,700,500,1760555221223,0,0,0,0
1760555225723,4,400,673.205,1760555221223,0,0,0,0
1760555225723,5,400,326.795,1760555221223,0,0,0,0
1760555225823,2,500,500,1760555221223,0,0,0,0
1760555225823,3,700,500,1760555221223,0,0,0,0
1760555225823,4,400,673.205,1760555221223,0,0,0,0
1760555225823,5,400,326.795,1760555221223,0,0,0,0
1760555225923,2,500,500,1760555221223,0,0,0,0
1760555225923,3,700,500,1760555221223,0,0,0,0
1760555225923,4,400,673.205,1760555221223,0,0,0,0
1760555225923,5,400,326.795,1760555221223,0,0,0,0
1760555226023,2,500,500,1760555221223,0,0,0,0
1760555226023,3,700,500,1760555221223,0,0,0,0
1760555226023,4,400,673.205,1760555221223,0,0,0,0
1760555226023,5,400,326.795,1760555221223,0,0,0,0
1760555226123,2,500,500,1760555221223,0,0,0,0
1760555226123,3,700,500,1760555221223,0,0,0,0
1760555226123,4,400,673.205,1760555221223,0,0,0,0
1760555226123,5,400,326.795,1760555221223,0,0,0,0
1760555226223,2,500,500,1760555221223,0,0,0,0
1760555226223,3,700,500,1760555221223,0,0,0,0
1760555226223,4,400,673.205,1760555221223,0,0,0,0
1760555226223,5,400,326.795,1760555221223,0,0,0,0
1760555226323,2,500,500,1760555221223,0,0,0,0
1760555226323,3,700,500,1760555221223,0,0,0,0
1760555226323,4,400,673.205,1760555221223,0,0,0,0
1760555226323,5,400,326.795,1760555221223,0,0,0,0
1760555226423,2,500,500,1760555221223,0,0,0,0
1760555226423,3,700,500,1760555221223,0,0,0,0
1760555226423,4,400,673.205,1760555221223,0,0,0,0
1760555226423,5,400,326.795,1760555221223,0,0,0,0
1760555226523,2,500,500,1760555221223,0,0,0,0
1760555226523,3,700,500,1760555221223,0,0,0,0
1760555226523,4,400,673.205,1760555221223,0,0,0,0
1760555226523,5,400,326.795,1760555221223,0,0,0,0
1760555226623,2,500,500,1760555221223,0,0,0,0
1760555226623,3,700,500,1760555221223,0,0,0,0
1760555226623,4,400,673.205,1760555221223,0,0,0,0
1760555226623,5,400,326.795,1760555221223,0,0,0,0
1760555226723,2,500,500,1760555221223,0,0,0,0
1760555226723,3,700,500,1760555221223,0,0,0,0
1760555226723,4,400,673.205,1760555221223,0,0,0,0
1760555226723,5,400,326.795,1760555221223,0,0,0,0
1760555226823,2,500,500,1760555221223,0,0,0,0
1760555226823,3,700,500,1760555221223,0,0,0,0
1760555226823,4,400,673.205,1760555221223,0,0,0,0
1760555226823,5,400,326.795,1760555221223,0,0,0,0
1760555226923,2,500,500,1760555221223,0,0,0,0
1760555226923,3,700,500,1760555221223,0,0,0,0
1760555226923,4,400,673.205,1760555221223,0,0,0,0
1760555226923,5,400,326.795,1760555221223,0,0,0,0
1760555227023,2,500,500,1760555221223,0,0,0,0
1760555227023,3,700,500,1760555221223,0,0,0,0
1760555227023,4,400,673.205,1760555221223,0,0,0,0
1760555227023,5,400,326.795,1760555221223,0,0,0,0
1760555227123,2,500,500,1760555221223,0,0,0,0
1760555227123,3,700,500,1760555221223,0,0,0,0
1760555227123,4,400,673.205,1760555221223,0,0,0,0
1760555227123,5,400,326.795,1760555221223,0,0,0,0
1760555227223,2,500,500,1760555221223,0,0,0,0
1760555227223,3,700,500,1760555221223,0,0,0,0
1760555227223,4,400,673.205,1760555221223,0,0,0,0
1760555227223,5,400,326.795,1760555221223,0,0,0,0
1760555227323,2,500,500,1760555221223,0,0,0,0
1760555227323,3,700,500,1760555221223,0,0,0,0
1760555227323,4,400,673.205,1760555221223,0,0,0,0
1760555227323,5,400,326.795,1760555221223,0,0,0,0
1760555227423,2,500,500,1760555221223,0,0,0,0
1760555227423,3,700,500,1760555221223,0,0,0,0
1760555227423,4,400,673.205,1760555221223,0,0,0,0
1760555227423,5,400,326.795,1760555221223,0,0,0,0
1760555227523,2,500,500,1760555221223,0,0,0,0
1760555227523,3,700,500,1760555221223,0,0,0,0
1760555227523,4,400,673.205,1760555221223,0,0,0,0
1760555227523,5,400,326.795,1760555221223,0,0,0,0
1760555227623,2,500,500,1760555221223,0,0,0,0
1760555227623,3,700,500,1760555221223,0,0,0,0
1760555227623,4,400,673.205,1760555221223,0,0,0,0
1760555227623,5,400,326.795,1760555221223,0,0,0,0
1760555227723,2,500,500,1760555221223,0,0,0,0
1760555227723,3,700,500,1760555221223,0,0,0,0
1760555227723,4,400,673.205,1760555221223,0,0,0,0
1760555227723,5,400,326.795,1760555221223,0,0,0,0
1760555227823,2,500,500,1760555221223,0,0,0,0
1760555227823,3,700,500,1760555221223,0,0,0,0
1760555227823,4,400,673.205,1760555221223,0,0,0,0
1760555227823,5,400,326.795,1760555221223,0,0,0,0
1760555227923,2,500,500,1760555221223,0,0,0,0
1760555227923,3,700,500,1760555221223,0,0,0,0
1760555227923,4,400,673.205,1760555221223,0,0,0,0
1760555227923,5,400,326.795,1760555221223,0,0,0,0
1760555228023,2,500,500,1760555221223,0,0,0,0
1760555228023,3,700,500,1760555221223,0,0,0,0
1760555228023,4,400,673.205,1760555221223,0,0,0,0
1760555228023,5,400,326.795,1760555221223,0,0,0,0
1760555228123,2,500,500,1760555221223,0,0,0,0
1760555228123,3,700,500,1760555221223,0,0,0,0
1760555228123,4,400,673.205,1760555221223,0,0,0,0
1760555228123,5,400,326.795,1760555221223,0,0,0,0
1760555228223,2,500,500,1760555221223,0,0,0,0
1760555228223,3,700,500,1760555221223,0,0,0,0
1760555228223,4,400,673.205,1760555221223,0,0,0,0
1760555228223,5,400,326.795,1760555221223,0,0,0,0
1760555228323,2,500,500,1760555221223,0,0,0,0
1760555228323,3,700,500,1760555221223,0,0,0,0
1760555228323,4,400,673.205,1760555221223,0,0,0,0
1760555228323,5,400,326.795,1760555221223,0,0,0,0
1760555228423,2,500,500,1760555221223,0,0,0,0
1760555228423,3,700,500,1760555221223,0,0,0,0
1760555228423,4,400,673.205,1760555221223,0,0,0,0
1760555228423,5,400,326.795,1760555221223,0,0,0,0
1760555228523,2,500,500,1760555221223,0,0,0,0
1760555228523,3,700,500,1760555221223,0,0,0,0
1760555228523,4,400,673.205,1760555221223,0,0,0,0
1760555228523,5,400,326.795,1760555221223,0,0,0,0
1760555228623,2,500,500,1760555221223,0,0,0,0
1760555228623,3,700,500,1760555221223,0,0,0,0
1760555228623,4,400,673.205,1760555221223,0,0,0,0
1760555228623,5,400,326.795,1760555221223,0,0,0,0
1760555228723,2,500,500,1760555221223,0,0,0,0
1760555228723,3,700,500,1760555221223,0,0,0,0
1760555228723,4,400,673.205,1760555221223,0,0,0,0
1760555228723,5,400,326.795,1760555221223,0,0,0,0
1760555228823,2,500,500,1760555221223,0,0,0,0
1760555228823,3,700,500,1760555221223,0,0,0,0
1760555228823,4,400,673.205,1760555221223,0,0,0,0
1760555228823,5,400,326.795,1760555221223,0,0,0,0
1760555228923,2,500,500,1760555221223,0,0,0,0
1760555228923,3,700,500,1760555221223,0,0,0,0
1760555228923,4,400,673.205,1760555221223,0,0,0,0
1760555228923,5,400,326.795,1760555221223,0,0,0,0
1760555229023,2,500,500,1760555221223,0,0,0,0
1760555229023,3,700,500,1760555221223,0,0,0,0
1760555229023,4,400,673.205,1760555221223,0,0,0,0
1760555229023,5,400,326.795,1760555221223,0,0,0,0
1760555229123,2,500,500,1760555221223,0,0,0,0
1760555229123,3,700,500,1760555221223,0,0,0,0
1760555229123,4,400,673.205,1760555221223,0,0,0,0
1760555229123,5,400,326.795,1760555221223,0,0,0,0
1760555229223,2,500,500,1760555221223,0,0,0,0
1760555229223,3,700,500,1760555221223,0,0,0,0
1760555229223,4,400,673.205,1760555221223,0,0,0,0
1760555229223,5,400,326.795,1760555221223,0,0,0,0
1760555229323,2,500,500,1760555221223,0,0,0,0
1760555229323,3,700,500,1760555221223,0,0,0,0
1760555229323,4,400,673.205,1760555221223,0,0,0,0
1760555229323,5,400,326.795,1760555221223,0,0,0,0
1760555229423,2,500,500,1760555221223,0,0,0,0
1760555229423,3,700,500,1760555221223,0,0,0,0
1760555229423,4,400,673.205,1760555221223,0,0,0,0
1760555229423,5,400,326.795,1760555221223,0,0,0,0
1760555229523,2,500,500,1760555221223,0,0,0,0
1760555229523,3,700,500,1760555221223,0,0,0,0
1760555229523,4,400,673.205,1760555221223,0,0,0,0
1760555229523,5,400,326.795,1760555221223,0,0,0,0
1760555229623,2,500,500,1760555221223,0,0,0,0
1760555229623,3,700,500,1760555221223,0,0,0,0
1760555229623,4,400,673.205,1760555221223,0,0,0,0
1760555229623,5,400,326.795,1760555221223,0,0,0,0
1760555229723,2,500,500,1760555221223,0,0,0,0
1760555229723,3,700,500,1760555221223,0,0,0,0
1760555229723,4,400,673.205,1760555221223,0,0,0,0
1760555229723,5,400,326.795,1760555221223,0,0,0,0
1760555229823,2,500,500,1760555221223,0,0,0,0
1760555229823,3,700,500,1760555221223,0,0,0,0
1760555229823,4,400,673.205,1760555221223,0,0,0,0
1760555229823,5,400,326.795,1760555221223,0,0,0,0
1760555229923,2,500,500,1760555221223,0,0,0,0
1760555229923,3,700,500,1760555221223,0,0,0,0
1760555229923,4,400,673.205,1760555221223,0,0,0,0
1760555229923,5,400,326.795,1760555221223,0,0,0,0
1760555230023,2,500,500,1760555221223,0,0,0,0
1760555230023,3,700,500,1760555221223,0,0,0,0
1760555230023,4,400,673.205,1760555221223,0,0,0,0
1760555230023,5,400,326.795,1760555221223,0,0,0,0
1760555230123,2,500,500,1760555221223,0,0,0,0
1760555230123,3,700,500,1760555221223,0,0,0,0
1760555230123,4,400,673.205,1760555221223,0,0,0,0
1760555230123,5,400,326.795,1760555221223,0,0,0,0
1760555230223,2,500,500,1760555221223,0,0,0,0
1760555230223,3,700,500,1760555221223,0,0,0,0
1760555230223,4,400,673.205,1760555221223,0,0,0,0
1760555230223,5,400,326.795,1760555221223,0,0,0,0
1760555230323,2,500,500,1760555221223,0,0,0,0
1760555230323,3,700,500,1760555221223,0,0,0,0
1760555230323,4,400,673.205,1760555221223,0,0,0,0
1760555230323,5,400,326.795,1760555221223,0,0,0,0
1760555230423,2,500,500,1760555221223,0,0,0,0
1760555230423,3,700,500,1760555221223,0,0,0,0
1760555230423,4,400,673.205,1760555221223,0,0,0,0
1760555230423,5,400,326.795,1760555221223,0,0,0,0
1760555230523,2,500,500,1760555221223,0,0,0,0
1760555230523,3,700,500,1760555221223,0,0,0,0
1760555230523,4,400,673.205,1760555221223,0,0,0,0
1760555230523,5,400,326.795,1760555221223,0,0,0,0
1760555230623,2,500,500,1760555221223,0,0,0,0
1760555230623,3,700,500,1760555221223,0,0,0,0
1760555230623,4,400,673.205,1760555221223,0,0,0,0
1760555230623,5,400,326.795,1760555221223,0,0,0,0
1760555230723,2,500,500,1760555221223,0,0,0,0
1760555230723,3,700,500,1760555221223,0,0,0,0
1760555230723,4,400,673.205,1760555221223,0,0,0,0
1760555230723,5,400,326.795,1760555221223,0,0,0,0
1760555230823,2,500,500,1760555221223,0,0,0,0
1760555230823,3,700,500,1760555221223,0,0,0,0
1760555230823,4,400,673.205,1760555221223,0,0,0,0
1760555230823,5,400,326.795,1760555221223,0,0,0,0
1760555230923,2,500,500,1760555221223,0,0,0,0
1760555230923,3,700,500,1760555221223,0,0,0,0
1760555230923,4,400,673.205,1760555221223,0,0,0,0
1760555230923,5,400,326.795,1760555221223,0,0,0,0
1760555231023,2,500,500,1760555221223,0,0,0,0
1760555231023,3,700,500,1760555221223,0,0,0,0
1760555231023,4,400,673.205,1760555221223,0,0,0,0
1760555231023,5,400,326.795,1760555221223,0,0,0,0
1760555231123,2,500,500,1760555221223,0,0,0,0
1760555231123,3,700,500,1760555221223,0,0,0,0
1760555231123,4,400,673.205,1760555221223,0,0,0,0
1760555231123,5,400,326.795,1760555221223,0,0,0,0
1760555231223,2,500,500,1760555221223,0,0,0,0
1760555231223,3,700,500,1760555221223,0,0,0,0
1760555231223,4,400,673.205,1760555221223,0,0,0,0
1760555231223,5,400,326.795,1760555221223,0,0,0,0
1760555231323,2,500,500,1760555221223,0,0,0,0
1760555231323,3,700,500,1760555221223,0,0,0,0
1760555231323,4,400,673.205,1760555221223,0,0,0,0
1760555231323,5,400,326.795,1760555221223,0,0,0,0
1760555231423,2,500,500,1760555221223,0,0,0,0
1760555231423,3,700,500,1760555221223,0,0,0,0
1760555231423,4,400,673.205,1760555221223,0,0,0,0
1760555231423,5,400,326.795,1760555221223,0,0,0,0
1760555231523,2,500,500,1760555221223,0,0,0,0
1760555231523,3,700,500,1760555221223,0,0,0,0
1760555231523,4,400,673.205,1760555221223,0,0,0,0
1760555231523,5,400,326.795,1760555221223,0,0,0,0
1760555231623,2,500,500,1760555221223,0,0,0,0
1760555231623,3,700,500,1760555221223,0,0,0,0
1760555231623,4,400,673.205,1760555221223,0,0,0,0
1760555231623,5,400,326.795,1760555221223,0,0,0,0
1760555231723,2,500,500,1760555221223,0,0,0,0
1760555231723,3,700,500,1760555221223,0,0,0,0
1760555231723,4,400,673.205,1760555221223,0,0,0,0
1760555231723,5,400,326.795,1760555221223,0,0,0,0
1760555231823,2,500,500,1760555221223,0,0,0,0
1760555231823,3,700,500,1760555221223,0,0,0,0
1760555231823,4,400,673.205,1760555221223,0,0,0,0
1760555231823,5,400,326.795,1760555221223,0,0,0,0
1760555231923,2,500,500,1760555221223,0,0,0,0
1760555231923,3,700,500,1760555221223,0,0,0,0
1760555231923,4,400,673.205,1760555221223,0,0,0,0
1760555231923,5,400,326.795,1760555221223,0,0,0,0
1760555232023,2,500,500,1760555221223,0,0,0,0
1760555232023,3,700,500,1760555221223,0,0,0,0
1760555232023,4,400,673.205,1760555221223,0,0,0,0
1760555232023,5,400,326.795,1760555221223,0,0,0,0
1760555232123,2,500,500,1760555221223,0,0,0,0
1760555232123,3,700,500,1760555221223,0,0,0,0
1760555232123,4,400,673.205,1760555221223,0,0,0,0
1760555232123,5,400,326.795,1760555221223,0,0,0,0
1760555232223,2,500,500,1760555221223,0,0,0,0
1760555232223,3,700,500,1760555221223,0,0,0,0
1760555232223,4,400,673.205,1760555221223,0,0,0,0
1760555232223,5,400,326.795,1760555221223,0,0,0,0
1760555232323,2,500,500,1760555221223,0,0,0,0
1760555232323,3,700,500,1760555221223,0,0,0,0
1760555232323,4,400,673.205,1760555221223,0,0,0,0
1760555232323,5,400,326.795,1760555221223,0,0,0,0
1760555232423,2,500,500,1760555221223,0,0,0,0
1760555232423,3,700,500,1760555221223,0,0,0,0
1760555232423,4,400,673.205,1760555221223,0,0,0,0
1760555232423,5,400,326.795,1760555221223,0,0,0,0
1760555232523,2,500,500,1760555221223,0,0,0,0
1760555232523,3,700,500,1760555221223,0,0,0,0
1760555232523,4,400,673.205,1760555221223,0,0,0,0
1760555232523,5,400,326.795,1760555221223,0,0,0,0
1760555232623,2,500,500,1760555221223,0,0,0,0
1760555232623,3,700,500,1760555221223,0,0,0,0
1760555232623,4,400,673.205,1760555221223,0,0,0,0
1760555232623,5,400,326.795,1760555221223,0,0,0,0
1760555232723,2,500,500,1760555221223,0,0,0,0
1760555232723,3,700,500,1760555221223,0,0,0,0
1760555232723,4,400,673.205,1760555221223,0,0,0,0
1760555232723,5,400,326.795,1760555221223,0,0,0,0
1760555232823,2,500,500,1760555221223,0,0,0,0
1760555232823,3,700,500,1760555221223,0,0,0,0
1760555232823,4,400,673.205,1760555221223,0,0,0,0
1760555232823,5,400,326.795,1760555221223,0,0,0,0
1760555232923,2,500,500,1760555221223,0,0,0,0
1760555232923,3,700,500,1760555221223,0,0,0,0
1760555232923,4,400,673.205,1760555221223,0,0,0,0
1760555232923,5,400,326.795,1760555221223,0,0,0,0
1760555233023,2,500,500,1760555221223,0,0,0,0
1760555233023,3,700,500,1760555221223,0,0,0,0
1760555233023,4,400,673.205,1760555221223,0,0,0,0
1760555233023,5,400,326.795,1760555221223,0,0,0,0
1760555233123,2,500,500,1760555221223,0,0,0,0
1760555233123,3,700,500,1760555221223,0,0,0,0
1760555233123,4,400,673.205,1760555221223,0,0,0,0
1760555233123,5,400,326.795,1760555221223,0,0,0,0
1760555233223,2,500,500,1760555221223,0,0,0,0
1760555233223,3,700,500,1760555221223,0,0,0,0
1760555233223,4,400,673.205,1760555221223,0,0,0,0
1760555233223,5,400,326.795,1760555221223,0,0,0,0
1760555233323,2,500,500,1760555221223,0,0,0,0
1760555233323,3,700,500,1760555221223,0,0,0,0
1760555233323,4,400,673.205,1760555221223,0,0,0,0
1760555233323,5,400,326.795,1760555221223,0,0,0,0
1760555233423,2,500,500,1760555221223,0,0,0,0
1760555233423,3,700,500,1760555221223,0,0,0,0
1760555233423,4,400,673.205,1760555221223,0,0,0,0
1760555233423,5,400,326.795,1760555221223,0,0,0,0
1760555233523,2,500,500,1760555221223,0,0,0,0
1760555233523,3,700,500,1760555221223,0,0,0,0
1760555233523,4,400,673.205,1760555221223,0,0,0,0
1760555233523,5,400,326.795,1760555221223,0,0,0,0
1760555233623,2,500,500,1760555221223,0,0,0,0
1760555233623,3,700,500,1760555221223,0,0,0,0
1760555233623,4,400,673.205,1760555221223,0,0,0,0
1760555233623,5,400,326.795,1760555221223,0,0,0,0
1760555233723,2,500,500,1760555221223,0,0,0,0
1760555233723,3,700,500,1760555221223,0,0,0,0
1760555233723,4,400,673.205,1760555221223,0,0,0,0
1760555233723,5,400,326.795,1760555221223,0,0,0,0
1760555233823,2,500,500,1760555221223,0,0,0,0
1760555233823,3,700,500,1760555221223,0,0,0,0
1760555233823,4,400,673.205,1760555221223,0,0,0,0
1760555233823,5,400,326.795,1760555221223,0,0,0,0
1760555233923,2,500,500,1760555221223,0,0,0,0
1760555233923,3,700,500,1760555221223,0,0,0,0
1760555233923,4,400,673.205,1760555221223,0,0,0,0
1760555233923,5,400,326.795,1760555221223,0,0,0,0
1760555234023,2,500,500,1760555221223,0,0,0,0
1760555234023,3,700,500,1760555221223,0,0,0,0
1760555234023,4,400,673.205,1760555221223,0,0,0,0
1760555234023,5,400,326.795,1760555221223,0,0,0,0
1760555234123,2,500,500,1760555221223,0,0,0,0
1760555234123,3,700,500,1760555221223,0,0,0,0
1760555234123,4,400,673.205,1760555221223,0,0,0,0
1760555234123,5,400,326.795,1760555221223,0,0,0,0
1760555234223,2,500,500,1760555221223,0,0,0,0
1760555234223,3,700,500,1760555221223,0,0,0,0
1760555234223,4,400,673.205,1760555221223,0,0,0,0
1760555234223,5,400,326.795,1760555221223,0,0,0,0
1760555234323,2,500,500,1760555221223,0,0,0,0
1760555234323,3,700,500,1760555221223,0,0,0,0
1760555234323,4,400,673.205,1760555221223,0,0,0,0
1760555234323,5,400,326.795,1760555221223,0,0,0,0
1760555234423,2,500,500,1760555221223,0,0,0,0
1760555234423,3,700,500,1760555221223,0,0,0,0
1760555234423,4,400,673.205,1760555221223,0,0,0,0
1760555234423,5,400,326.795,1760555221223,0,0,0,0
1760555234523,2,500,500,1760555221223,0,0,0,0
1760555234523,3,700,500,1760555221223,0,0,0,0
1760555234523,4,400,673.205,1760555221223,0,0,0,0
1760555234523,5,400,326.795,1760555221223,0,0,0,0
1760555234623,2,500,500,1760555221223,0,0,0,0
1760555234623,3,700,500,1760555221223,0,0,0,0
1760555234623,4,400,673.205,1760555221223,0,0,0,0
1760555234623,5,400,326.795,1760555221223,0,0,0,0
1760555234723,2,500,500,1760555221223,0,0,0,0
1760555234723,3,700,500,1760555221223,0,0,0,0
1760555234723,4,400,673.205,1760555221223,0,0,0,0
1760555234723,5,400,326.795,1760555221223,0,0,0,0
1760555234823,2,500,500,1760555221223,0,0,0,0
1760555234823,3,700,500,1760555221223,0,0,0,0
1760555234823,4,400,673.205,1760555221223,0,0,0,0
1760555234823,5,400,326.795,1760555221223,0,0,0,0
1760555234923,2,500,500,1760555221223,0,0,0,0
1760555234923,3,700,500,1760555221223,0,0,0,0
1760555234923,4,400,673.205,1760555221223,0,0,0,0
1760555234923,5,400,326.795,1760555221223,0,0,0,0
1760555235023,2,500,500,1760555221223,0,0,0,0
1760555235023,3,700,500,1760555221223,0,0,0,0
1760555235023,4,400,673.205,1760555221223,0,0,0,0
1760555235023,5,400,326.795,1760555221223,0,0,0,0
1760555235123,2,500,500,1760555221223,0,0,0,0
1760555235123,3,700,500,1760555221223,0,0,0,0
1760555235123,4,400,673.205,1760555221223,0,0,0,0
1760555235123,5,400,326.795,1760555221223,0,0,0,0
1760555235223,2,500,500,1760555221223,0,0,0,0
1760555235223,3,700,500,1760555221223,0,0,0,0
1760555235223,4,400,673.205,1760555221223,0,0,0,0
1760555235223,5,400,326.795,1760555221223,0,0,0,0
1760555235323,2,500,500,1760555221223,0,0,0,0
1760555235323,3,700,500,1760555221223,0,0,0,0
1760555235323,4,400,673.205,1760555221223,0,0,0,0
1760555235323,5,400,326.795,1760555221223,0,0,0,0
1760555235423,2,500,500,1760555221223,0,0,0,0
1760555235423,3,700,500,1760555221223,0,0,0,0
1760555235423,4,400,673.205,1760555221223,0,0,0,0
1760555235423,5,400,326.795,1760555221223,0,0,0,0
1760555235523,2,500,500,1760555221223,0,0,0,0
1760555235523,3,700,500,1760555221223,0,0,0,0
1760555235523,4,400,673.205,1760555221223,0,0,0,0
1760555235523,5,400,326.795,1760555221223,0,0,0,0
1760555235623,2,500,500,1760555221223,0,0,0,0
1760555235623,3,700,500,1760555221223,0,0,0,0
1760555235623,4,400,673.205,1760555221223,0,0,0,0
1760555235623,5,400,326.795,1760555221223,0,0,0,0
1760555235723,2,500,500,1760555221223,0,0,0,0
1760555235723,3,700,500,1760555221223,0,0,0,0
1760555235723,4,400,673.205,1760555221223,0,0,0,0
1760555235723,5,400,326.795,1760555221223,0,0,0,0
1760555235823,2,500,500,1760555221223,0,0,0,0
1760555235823,3,700,500,1760555221223,0,0,0,0
1760555235823,4,400,673.205,1760555221223,0,0,0,0
1760555235823,5,400,326.795,1760555221223,0,0,0,0
1760555235923,2,500,500,1760555221223,0,0,0,0
1760555235923,3,700,500,1760555221223,0,0,0,0
1760555235923,4,400,673.205,1760555221223,0,0,0,0
1760555235923,5,400,326.795,1760555221223,0,0,0,0
1760555236023,2,500,500,1760555221223,0,0,0,0
1760555236023,3,700,500,1760555221223,0,0,0,0
1760555236023,4,400,673.205,1760555221223,0,0,0,0
1760555236023,5,400,326.795,1760555221223,0,0,0,0
1760555236123,2,500,500,1760555221223,0,0,0,0
1760555236123,3,700,500,1760555221223,0,0,0,0
1760555236123,4,400,673.205,1760555221223,0,0,0,0
1760555236123,5,400,326.795,1760555221223,0,0,0,0
1760555236223,2,500,500,1760555221223,0,0,0,0
1760555236223,3,700,500,1760555221223,0,0,0,0
1760555236223,4,400,673.205,1760555221223,0,0,0,0
1760555236223,5,400,326.795,1760555221223,0,0,0,0
1760555236323,2,500,500,1760555221223,0,0,0,0
1760555236323,3,700,500,1760555221223,0,0,0,0
1760555236323,4,400,673.205,1760555221223,0,0,0,0
1760555236323,5,400,326.795,1760555221223,0,0,0,0
1760555236423,2,500,500,1760555221223,0,0,0,0
1760555236423,3,700,500,1760555221223,0,0,0,0
1760555236423,4,400,673.205,1760555221223,0,0,0,0
1760555236423,5,400,326.795,1760555221223,0,0,0,0
1760555236523,2,500,500,1760555221223,0,0,0,0
1760555236523,3,700,500,1760555221223,0,0,0,0
1760555236523,4,400,673.205,1760555221223,0,0,0,0
1760555236523,5,400,326.795,1760555221223,0,0,0,0
1760555236623,2,500,500,1760555221223,0,0,0,0
1760555236623,3,700,500,1760555221223,0,0,0,0
1760555236623,4,400,673.205,1760555221223,0,0,0,0
1760555236623,5,400,326.795,1760555221223,0,0,0,0
1760555236723,2,500,500,1760555221223,0,0,0,0
1760555236723,3,700,500,1760555221223,0,0,0,0
1760555236723,4,400,673.205,1760555221223,0,0,0,0
1760555236723,5,400,326.795,1760555221223,0,0,0,0
1760555236823,2,500,500,1760555221223,0,0,0,0
1760555236823,3,700,500,1760555221223,0,0,0,0
1760555236823,4,400,673.205,1760555221223,0,0,0,0
1760555236823,5,400,326.795,1760555221223,0,0,0,0
1760555236923,2,500,500,1760555221223,0,0,0,0
1760555236923,3,700,500,1760555221223,0,0,0,0
1760555236923,4,400,673.205,1760555221223,0,0,0,0
1760555236923,5,400,326.795,1760555221223,0,0,0,0
1760555237023,2,500,500,1760555221223,0,0,0,0
1760555237023,3,700,500,1760555221223,0,0,0,0
1760555237023,4,400,673.205,1760555221223,0,0,0,0
1760555237023,5,400,326.795,1760555221223,0,0,0,0
1760555237123,2,500,500,1760555221223,0,0,0,0
1760555237123,3,700,500,1760555221223,0,0,0,0
1760555237123,4,400,673.205,1760555221223,0,0,0,0
1760555237123,5,400,326.795,1760555221223,0,0,0,0
1760555237223,2,500,500,1760555221223,0,0,0,0
1760555237223,3,700,500,1760555221223,0,0,0,0
1760555237223,4,400,673.205,1760555221223,0,0,0,0
1760555237223,5,400,326.795,1760555221223,0,0,0,0
1760555237323,2,500,500,1760555221223,0,0,0,0
1760555237323,3,700,500,1760555221223,0,0,0,0
1760555237323,4,400,673.205,1760555221223,0,0,0,0
1760555237323,5,400,326.795,1760555221223,0,0,0,0
1760555237423,2,500,500,1760555221223,0,0,0,0
1760555237423,3,700,500,1760555221223,0,0,0,0
1760555237423,4,400,673.205,1760555221223,0,0,0,0
1760555237423,5,400,326.795,1760555221223,0,0,0,0
1760555237523,2,500,500,1760555221223,0,0,0,0
1760555237523,3,700,500,1760555221223,0,0,0,0
1760555237523,4,400,673.205,1760555221223,0,0,0,0
1760555237523,5,400,326.795,1760555221223,0,0,0,0
1760555237623,2,500,500,1760555221223,0,0,0,0
1760555237623,3,700,500,1760555221223,0,0,0,0
1760555237623,4,400,673.205,1760555221223,0,0,0,0
1760555237623,5,400,326.795,1760555221223,0,0,0,0
1760555237723,2,500,500,1760555221223,0,0,0,0
1760555237723,3,700,500,1760555221223,0,0,0,0
1760555237723,4,400,673.205,1760555221223,0,0,0,0
1760555237723,5,400,326.795,1760555221223,0,0,0,0
1760555237823,2,500,500,1760555221223,0,0,0,0
1760555237823,3,700,500,1760555221223,0,0,0,0
1760555237823,4,400,673.205,1760555221223,0,0,0,0
1760555237823,5,400,326.795,1760555221223,0,0,0,0
1760555237923,2,500,500,1760555221223,0,0,0,0
1760555237923,3,700,500,1760555221223,0,0,0,0
1760555237923,4,400,673.205,1760555221223,0,0,0,0
1760555237923,5,400,326.795,1760555221223,0,0,0,0
1760555238023,2,500,500,1760555221223,0,0,0,0
1760555238023,3,700,500,1760555221223,0,0,0,0
1760555238023,4,400,673.205,1760555221223,0,0,0,0
1760555238023,5,400,326.795,1760555221223,0,0,0,0
1760555238123,2,500,500,1760555221223,0,0,0,0
1760555238123,3,700,500,1760555221223,0,0,0,0
1760555238123,4,400,673.205,1760555221223,0,0,0,0
1760555238123,5,400,326.795,1760555221223,0,0,0,0
1760555238223,2,500,500,1760555221223,0,0,0,0
1760555238223,3,700,500,1760555221223,0,0,0,0
1760555238223,4,400,673.205,1760555221223,0,0,0,0
1760555238223,5,400,326.795,1760555221223,0,0,0,0
1760555238323,2,500,500,1760555221223,0,0,0,0
1760555238323,3,700,500,1760555221223,0,0,0,0
1760555238323,4,400,673.205,1760555221223,0,0,0,0
1760555238323,5,400,326.795,1760555221223,0,0,0,0
1760555238423,2,500,500,1760555221223,0,0,0,0
1760555238423,3,700,500,1760555221223,0,0,0,0
1760555238423,4,400,673.205,1760555221223,0,0,0,0
1760555238423,5,400,326.795,1760555221223,0,0,0,0
1760555238523,2,500,500,1760555221223,0,0,0,0
1760555238523,3,700,500,1760555221223,0,0,0,0
1760555238523,4,400,673.205,1760555221223,0,0,0,0
1760555238523,5,400,326.795,1760555221223,0,0,0,0
1760555238623,2,500,500,1760555221223,0,0,0,0
1760555238623,3,700,500,1760555221223,0,0,0,0
1760555238623,4,400,673.205,1760555221223,0,0,0,0
1760555238623,5,400,326.795,1760555221223,0,0,0,0
1760555238723,2,500,500,1760555221223,0,0,0,0
1760555238723,3,700,500,1760555221223,0,0,0,0
1760555238723,4,400,673.205,1760555221223,0,0,0,0
1760555238723,5,400,326.795,1760555221223,0,0,0,0
1760555238823,2,500,500,1760555221223,0,0,0,0
1760555238823,3,700,500,1760555221223,0,0,0,0
1760555238823,4,400,673.205,1760555221223,0,0,0,0
1760555238823,5,400,326.795,1760555221223,0,0,0,0
1760555238923,2,500,500,1760555221223,0,0,0,0
1760555238923,3,700,500,1760555221223,0,0,0,0
1760555238923,4,400,673.205,1760555221223,0,0,0,0
1760555238923,5,400,326.795,1760555221223,0,0,0,0
1760555239023,2,500,500,1760555221223,0,0,0,0
1760555239023,3,700,500,1760555221223,0,0,0,0
1760555239023,4,400,673.205,1760555221223,0,0,0,0
1760555239023,5,400,326.795,1760555221223,0,0,0,0
1760555239123,2,500,500,1760555221223,0,0,0,0
1760555239123,3,700,500,1760555221223,0,0,0,0
1760555239123,4,400,673.205,1760555221223,0,0,0,0
1760555239123,5,400,326.795,1760555221223,0,0,0,0
1760555239223,2,500,500,1760555221223,0,0,0,0
1760555239223,3,700,500,1760555221223,0,0,0,0
1760555239223,4,400,673.205,1760555221223,0,0,0,0
1760555239223,5,400,326.795,1760555221223,0,0,0,0
1760555239323,2,500,500,1760555221223,0,0,0,0
1760555239323,3,700,500,1760555221223,0,0,0,0
1760555239323,4,400,673.205,1760555221223,0,0,0,0
1760555239323,5,400,326.795,1760555221223,0,0,0,0
1760555239423,2,500,500,1760555221223,0,0,0,0
1760555239423,3,700,500,1760555221223,0,0,0,0
1760555239423,4,400,673.205,1760555221223,0,0,0,0
1760555239423,5,400,326.795,1760555221223,0,0,0,0
1760555239523,2,500,500,1760555221223,0,0,0,0
1760555239523,3,700,500,1760555221223,0,0,0,0
1760555239523,4,400,673.205,1760555221223,0,0,0,0
1760555239523,5,400,326.795,1760555221223,0,0,0,0
1760555239623,2,500,500,1760555221223,0,0,0,0
1760555239623,3,700,500,1760555221223,0,0,0,0
1760555239623,4,400,673.205,1760555221223,0,0,0,0
1760555239623,5,400,326.795,1760555221223,0,0,0,0
1760555239723,2,500,500,1760555221223,0,0,0,0
1760555239723,3,700,500,1760555221223,0,0,0,0
1760555239723,4,400,673.205,1760555221223,0,0,0,0
1760555239723,5,400,326.795,1760555221223,0,0,0,0
1760555239823,2,500,500,1760555221223,0,0,0,0
1760555239823,3,700,500,1760555221223,0,0,0,0
1760555239823,4,400,673.205,1760555221223,0,0,0,0
1760555239823,5,400,326.795,1760555221223,0,0,0,0
1760555239923,2,500,500,1760555221223,0,0,0,0
1760555239923,3,700,500,1760555221223,0,0,0,0
1760555239923,4,400,673.205,1760555221223,0,0,0,0
1760555239923,5,400,326.795,1760555221223,0,0,0,0
1760555240023,2,500,500,1760555221223,0,0,0,0
1760555240023,3,700,500,1760555221223,0,0,0,0
1760555240023,4,400,673.205,1760555221223,0,0,0,0
1760555240023,5,400,326.795,1760555221223,0,0,0,0
1760555240123,2,500,500,1760555221223,0,0,0,0
1760555240123,3,700,500,1760555221223,0,0,0,0
1760555240123,4,400,673.205,1760555221223,0,0,0,0
1760555240123,5,400,326.795,1760555221223,0,0,0,0
1760555240223,2,500,500,1760555221223,0,0,0,0
1760555240223,3,700,500,1760555221223,0,0,0,0
1760555240223,4,400,673.205,1760555221223,0,0,0,0
1760555240223,5,400,326.795,1760555221223,0,0,0,0
1760555240323,2,500,500,1760555221223,0,0,0,0
1760555240323,3,700,500,1760555221223,0,0,0,0
1760555240323,4,400,673.205,1760555221223,0,0,0,0
1760555240323,5,400,326.795,1760555221223,0,0,0,0
1760555240423,2,500,500,1760555221223,0,0,0,0
1760555240423,3,700,500,1760555221223,0,0,0,0
1760555240423,4,400,673.205,1760555221223,0,0,0,0
1760555240423,5,400,326.795,1760555221223,0,0,0,0
1760555240523,2,500,500,1760555221223,0,0,0,0
1760555240523,3,700,500,1760555221223,0,0,0,0
1760555240523,4,400,673.205,1760555221223,0,0,0,0
1760555240523,5,400,326.795,1760555221223,0,0,0,0
1760555240623,2,500,500,1760555221223,0,0,0,0
1760555240623,3,700,500,1760555221223,0,0,0,0
1760555240623,4,400,673.205,1760555221223,0,0,0,0
1760555240623,5,400,326.795,1760555221223,0,0,0,0
1760555240723,2,500,500,1760555221223,0,0,0,0
1760555240723,3,700,500,1760555221223,0,0,0,0
1760555240723,4,400,673.205,1760555221223,0,0,0,0
1760555240723,5,400,326.795,1760555221223,0,0,0,0
1760555240823,2,500,500,1760555221223,0,0,0,0
1760555240823,3,700,500,1760555221223,0,0,0,0
1760555240823,4,400,673.205,1760555221223,0,0,0,0
1760555240823,5,400,326.795,1760555221223,0,0,0,0
1760555240923,2,500,500,1760555221223,0,0,0,0
1760555240923,3,700,500,1760555221223,0,0,0,0
1760555240923,4,400,673.205,1760555221223,0,0,0,0
1760555240923,5,400,326.795,1760555221223,0,0,0,0
1760555241023,2,500,500,1760555221223,0,0,0,0
1760555241023,3,700,500,1760555221223,0,0,0,0
1760555241023,4,400,673.205,1760555221223,0,0,0,0
1760555241023,5,400,326.795,1760555221223,0,0,0,0
1760555241123,2,500,500,1760555221223,0,0,0,0
1760555241123,3,700,500,1760555221223,0,0,0,0
1760555241123,4,400,673.205,1760555221223,0,0,0,0
1760555241123,5,400,326.795,1760555221223,0,0,0,0
1760555241223,2,500,500,1760555221223,0,0,0,0
1760555241223,3,700,500,1760555221223,0,0,0,0
1760555241223,4,400,673.205,1760555221223,0,0,0,0
1760555241223,5,400,326.795,1760555221223,0,0,0,0
1760555241323,2,500,500,1760555221223,0,0,0,0
1760555241323,3,700,500,1760555221223,0,0,0,0
1760555241323,4,400,673.205,1760555221223,0,0,0,0
1760555241323,5,400,326.795,1760555221223,0,0,0,0
1760555241423,2,500,500,1760555221223,0,0,0,0
1760555241423,3,700,500,1760555221223,0,0,0,0
1760555241423,4,400,673.205,1760555221223,0,0,0,0
1760555241423,5,400,326.795,1760555221223,0,0,0,0
1760555241523,2,500,500,1760555221223,0,0,0,0
1760555241523,3,700,500,1760555221223,0,0,0,0
1760555241523,4,400,673.205,1760555221223,0,0,0,0
1760555241523,5,400,326.795,1760555221223,0,0,0,0
1760555241623,2,500,500,1760555221223,0,0,0,0
1760555241623,3,700,500,1760555221223,0,0,0,0
1760555241623,4,400,673.205,1760555221223,0,0,0,0
1760555241623,5,400,326.795,1760555221223,0,0,0,0
1760555241723,2,500,500,1760555221223,0,0,0,0
1760555241723,3,700,500,1760555221223,0,0,0,0
1760555241723,4,400,673.205,1760555221223,0,0,0,0
1760555241723,5,400,326.795,1760555221223,0,0,0,0
1760555241823,2,500,500,1760555221223,0,0,0,0
1760555241823,3,700,500,1760555221223,0,0,0,0
1760555241823,4,400,673.205,1760555221223,0,0,0,0
1760555241823,5,400,326.795,1760555221223,0,0,0,0
1760555241923,2,500,500,1760555221223,0,0,0,0
1760555241923,3,700,500,1760555221223,0,0,0,0
1760555241923,4,400,673.205,1760555221223,0,0,0,0
1760555241923,5,400,326.795,1760555221223,0,0,0,0
1760555242023,2,500,500,1760555221223,0,0,0,0
1760555242023,3,700,500,1760555221223,0,0,0,0
1760555242023,4,400,673.205,1760555221223,0,0,0,0
1760555242023,5,400,326.795,1760555221223,0,0,0,0
1760555242123,2,500,500,1760555221223,0,0,0,0
1760555242123,3,700,500,1760555221223,0,0,0,0
1760555242123,4,400,673.205,1760555221223,0,0,0,0
1760555242123,5,400,326.795,1760555221223,0,0,0,0
1760555242223,2,500,500,1760555221223,0,0,0,0
1760555242223,3,700,500,1760555221223,0,0,0,0
1760555242223,4,400,673.205,1760555221223,0,0,0,0
1760555242223,5,400,326.795,1760555221223,0,0,0,0
1760555242323,2,500,500,1760555221223,0,0,0,0
1760555242323,3,700,500,1760555221223,0,0,0,0
1760555242323,4,400,673.205,1760555221223,0,0,0,0
1760555242323,5,400,326.795,1760555221223,0,0,0,0
1760555242423,2,500,500,1760555221223,0,0,0,0
1760555242423,3,700,500,1760555221223,0,0,0,0
1760555242423,4,400,673.205,1760555221223,0,0,0,0
1760555242423,5,400,326.795,1760555221223,0,0,0,0
1760555242523,2,500,500,1760555221223,0,0,0,0
1760555242523,3,700,500,1760555221223,0,0,0,0
1760555242523,4,400,673.205,1760555221223,0,0,0,0
1760555242523,5,400,326.795,1760555221223,0,0,0,0
1760555242623,2,500,500,1760555221223,0,0,0,0
1760555242623,3,700,500,1760555221223,0,0,0,0
1760555242623,4,400,673.205,1760555221223,0,0,0,0
1760555242623,5,400,326.795,1760555221223,0,0,0,0
1760555242723,2,500,500,1760555221223,0,0,0,0
1760555242723,3,700,500,1760555221223,0,0,0,0
1760555242723,4,400,673.205,1760555221223,0,0,0,0
1760555242723,5,400,326.795,1760555221223,0,0,0,0
1760555242823,2,500,500,1760555221223,0,0,0,0
1760555242823,3,700,500,1760555221223,0,0,0,0
1760555242823,4,400,673.205,1760555221223,0,0,0,0
1760555242823,5,400,326.795,1760555221223,0,0,0,0
1760555242923,2,500,500,1760555221223,0,0,0,0
1760555242923,3,700,500,1760555221223,0,0,0,0
1760555242923,4,400,673.205,1760555221223,0,0,0,0
1760555242923,5,400,326.795,1760555221223,0,0,0,0
1760555243023,2,500,500,1760555221223,0,0,0,0
1760555243023,3,700,500,1760555221223,0,0,0,0
1760555243023,4,400,673.205,1760555221223,0,0,0,0
1760555243023,5,400,326.795,1760555221223,0,0,0,0
1760555243123,2,500,500,1760555221223,0,0,0,0
1760555243123,3,700,500,1760555221223,0,0,0,0
1760555243123,4,400,673.205,1760555221223,0,0,0,0
1760555243123,5,400,326.795,1760555221223,0,0,0,0
1760555243223,2,500,500,1760555221223,0,0,0,0
1760555243223,3,700,500,1760555221223,0,0,0,0
1760555243223,4,400,673.205,1760555221223,0,0,0,0
1760555243223,5,400,326.795,1760555221223,0,0,0,0
1760555243323,2,500,500,1760555221223,0,0,0,0
1760555243323,3,700,500,1760555221223,0,0,0,0
1760555243323,4,400,673.205,1760555221223,0,0,0,0
1760555243323,5,400,326.795,1760555221223,0,0,0,0
1760555243423,2,500,500,1760555221223,0,0,0,0
1760555243423,3,700,500,1760555221223,0,0,0,0
1760555243423,4,400,673.205,1760555221223,0,0,0,0
1760555243423,5,400,326.795,1760555221223,0,0,0,0
1760555243523,2,500,500,1760555221223,0,0,0,0
1760555243523,3,700,500,1760555221223,0,0,0,0
1760555243523,4,400,673.205,1760555221223,0,0,0,0
1760555243523,5,400,326.795,1760555221223,0,0,0,0
1760555243623,2,500,500,1760555221223,0,0,0,0
1760555243623,3,700,500,1760555221223,0,0,0,0
1760555243623,4,400,673.205,1760555221223,0,0,0,0
1760555243623,5,400,326.795,1760555221223,0,0,0,0
1760555243723,2,500,500,1760555221223,0,0,0,0
1760555243723,3,700,500,1760555221223,0,0,0,0
1760555243723,4,400,673.205,1760555221223,0,0,0,0
1760555243723,5,400,326.795,1760555221223,0,0,0,0
1760555243823,2,500,500,1760555221223,0,0,0,0
1760555243823,3,700,500,1760555221223,0,0,0,0
1760555243823,4,400,673.205,1760555221223,0,0,0,0
1760555243823,5,400,326.795,1760555221223,0,0,0,0
1760555243923,2,500,500,1760555221223,0,0,0,0
1760555243923,3,700,500,1760555221223,0,0,0,0
1760555243923,4,400,673.205,1760555221223,0,0,0,0
1760555243923,5,400,326.795,1760555221223,0,0,0,0
1760555244023,2,500,500,1760555221223,0,0,0,0
1760555244023,3,700,500,1760555221223,0,0,0,0
1760555244023,4,400,673.205,1760555221223,0,0,0,0
1760555244023,5,400,326.795,1760555221223,0,0,0,0
1760555244123,2,500,500,1760555221223,0,0,0,0
1760555244123,3,700,500,1760555221223,0,0,0,0
1760555244123,4,400,673.205,1760555221223,0,0,0,0
1760555244123,5,400,326.795,1760555221223,0,0,0,0
1760555244223,2,500,500,1760555221223,0,0,0,0
1760555244223,3,700,500,1760555221223,0,0,0,0
1760555244223,4,400,673.205,1760555221223,0,0,0,0
1760555244223,5,400,326.795,1760555221223,0,0,0,0
1760555244323,2,500,500,1760555221223,0,0,0,0
1760555244323,3,700,500,1760555221223,0,0,0,0
1760555244323,4,400,673.205,1760555221223,0,0,0,0
1760555244323,5,400,326.795,1760555221223,0,0,0,0
1760555244423,2,500,500,1760555221223,0,0,0,0
1760555244423,3,700,500,1760555221223,0,0,0,0
1760555244423,4,400,673.205,1760555221223,0,0,0,0
1760555244423,5,400,326.795,1760555221223,0,0,0,0
1760555244523,2,500,500,1760555221223,0,0,0,0
1760555244523,3,700,500,1760555221223,0,0,0,0
1760555244523,4,400,673.205,1760555221223,0,0,0,0
1760555244523,5,400,326.795,1760555221223,0,0,0,0
1760555244623,2,500,500,1760555221223,0,0,0,0
1760555244623,3,700,500,1760555221223,0,0,0,0
1760555244623,4,400,673.205,1760555221223,0,0,0,0
1760555244623,5,400,326.795,1760555221223,0,0,0,0
1760555244723,2,500,500,1760555221223,0,0,0,0
1760555244723,3,700,500,1760555221223,0,0,0,0
1760555244723,4,400,673.205,1760555221223,0,0,0,0
1760555244723,5,400,326.795,1760555221223,0,0,0,0
1760555244823,2,500,500,1760555221223,0,0,0,0
1760555244823,3,700,500,1760555221223,0,0,0,0
1760555244823,4,400,673.205,1760555221223,0,0,0,0
1760555244823,5,400,326.795,1760555221223,0,0,0,0
1760555244923,2,500,500,1760555221223,0,0,0,0
1760555244923,3,700,500,1760555221223,0,0,0,0
1760555244923,4,400,673.205,1760555221223,0,0,0,0
1760555244923,5,400,326.795,1760555221223,0,0,0,0
1760555245023,2,500,500,1760555221223,0,0,0,0
1760555245023,3,700,500,1760555221223,0,0,0,0
1760555245023,4,400,673.205,1760555221223,0,0,0,0
1760555245023,5,400,326.795,1760555221223,0,0,0,0
1760555245123,2,500,500,1760555221223,0,0,0,0
1760555245123,3,700,500,1760555221223,0,0,0,0
1760555245123,4,400,673.205,1760555221223,0,0,0,0
1760555245123,5,400,326.795,1760555221223,0,0,0,0
1760555245223,2,500,500,1760555221223,0,0,0,0
1760555245223,3,700,500,1760555221223,0,0,0,0
1760555245223,4,400,673.205,1760555221223,0,0,0,0
1760555245223,5,400,326.795,1760555221223,0,0,0,0
1760555245323,2,500,500,1760555221223,0,0,0,0
1760555245323,3,700,500,1760555221223,0,0,0,0
1760555245323,4,400,673.205,1760555221223,0,0,0,0
1760555245323,5,400,326.795,1760555221223,0,0,0,0
1760555245423,2,500,500,1760555221223,0,0,0,0
1760555245423,3,700,500,1760555221223,0,0,0,0
1760555245423,4,400,673.205,1760555221223,0,0,0,0
1760555245423,5,400,326.795,1760555221223,0,0,0,0
1760555245523,2,500,500,1760555221223,0,0,0,0
1760555245523,3,700,500,1760555221223,0,0,0,0
1760555245523,4,400,673.205,1760555221223,0,0,0,0
1760555245523,5,400,326.795,1760555221223,0,0,0,0
1760555245623,2,500,500,1760555221223,0,0,0,0
1760555245623,3,700,500,1760555221223,0,0,0,0
1760555245623,4,400,673.205,1760555221223,0,0,0,0
1760555245623,5,400,326.795,1760555221223,0,0,0,0
1760555245723,2,500,500,1760555221223,0,0,0,0
1760555245723,3,700,500,1760555221223,0,0,0,0
1760555245723,4,400,673.205,1760555221223,0,0,0,0
1760555245723,5,400,326.795,1760555221223,0,0,0,0
1760555245823,2,500,500,1760555221223,0,0,0,0
1760555245823,3,700,500,1760555221223,0,0,0,0
1760555245823,4,400,673.205,1760555221223,0,0,0,0
1760555245823,5,400,326.795,1760555221223,0,0,0,0
1760555245923,2,500,500,1760555221223,0,0,0,0
1760555245923,3,700,500,1760555221223,0,0,0,0
1760555245923,4,400,673.205,1760555221223,0,0,0,0
1760555245923,5,400,326.795,1760555221223,0,0,0,0
1760555246023,2,500,500,1760555221223,0,0,0,0
1760555246023,3,700,500,1760555221223,0,0,0,0
1760555246023,4,400,673.205,1760555221223,0,0,0,0
1760555246023,5,400,326.795,1760555221223,0,0,0,0
1760555246123,2,500,500,1760555221223,0,0,0,0
1760555246123,3,700,500,1760555221223,0,0,0,0
1760555246123,4,400,673.205,1760555221223,0,0,0,0
1760555246123,5,400,326.795,1760555221223,0,0,0,0
1760555246223,2,500,500,1760555221223,0,0,0,0
1760555246223,3,700,500,1760555221223,0,0,0,0
1760555246223,4,400,673.205,1760555221223,0,0,0,0
1760555246223,5,400,326.795,1760555221223,0,0,0,0
1760555246323,2,500,500,1760555221223,0,0,0,0
1760555246323,3,700,500,1760555221223,0,0,0,0
1760555246323,4,400,673.205,1760555221223,0,0,0,0
1760555246323,5,400,326.795,1760555221223,0,0,0,0
1760555246423,2,500,500,1760555221223,0,0,0,0
1760555246423,3,700,500,1760555221223,0,0,0,0
1760555246423,4,400,673.205,1760555221223,0,0,0,0
1760555246423,5,400,326.795,1760555221223,0,0,0,0
1760555246523,2,500,500,1760555221223,0,0,0,0
1760555246523,3,700,500,1760555221223,0,0,0,0
1760555246523,4,400,673.205,1760555221223,0,0,0,0
1760555246523,5,400,326.795,1760555221223,0,0,0,0
1760555246623,2,500,500,1760555221223,0,0,0,0
1760555246623,3,700,500,1760555221223,0,0,0,0
1760555246623,4,400,673.205,1760555221223,0,0,0,0
1760555246623,5,400,326.795,1760555221223,0,0,0,0
1760555246723,2,500,500,1760555221223,0,0,0,0
1760555246723,3,700,500,1760555221223,0,0,0,0
1760555246723,4,400,673.205,1760555221223,0,0,0,0
1760555246723,5,400,326.795,1760555221223,0,0,0,0
1760555246823,2,500,500,1760555221223,0,0,0,0
1760555246823,3,700,500,1760555221223,0,0,0,0
1760555246823,4,400,673.205,1760555221223,0,0,0,0
1760555246823,5,400,326.795,1760555221223,0,0,0,0
1760555246923,2,500,500,1760555221223,0,0,0,0
1760555246923,3,700,500,1760555221223,0,0,0,0
1760555246923,4,400,673.205,1760555221223,0,0,0,0
1760555246923,5,400,326.795,1760555221223,0,0,0,0
1760555247023,2,500,500,1760555221223,0,0,0,0
1760555247023,3,700,500,1760555221223,0,0,0,0
1760555247023,4,400,673.205,1760555221223,0,0,0,0
1760555247023,5,400,326.795,1760555221223,0,0,0,0
1760555247123,2,500,500,1760555221223,0,0,0,0
1760555247123,3,700,500,1760555221223,0,0,0,0
1760555247123,4,400,673.205,1760555221223,0,0,0,0
1760555247123,5,400,326.795,1760555221223,0,0,0,0
1760555247223,2,500,500,1760555221223,0,0,0,0
1760555247223,3,700,500,1760555221223,0,0,0,0
1760555247223,4,400,673.205,1760555221223,0,0,0,0
1760555247223,5,400,326.795,1760555221223,0,0,0,0
1760555247323,2,500,500,1760555221223,0,0,0,0
1760555247323,3,700,500,1760555221223,0,0,0,0
1760555247323,4,400,673.205,1760555221223,0,0,0,0
1760555247323,5,400,326.795,1760555221223,0,0,0,0
1760555247423,2,500,500,1760555221223,0,0,0,0
1760555247423,3,700,500,1760555221223,0,0,0,0
1760555247423,4,400,673.205,1760555221223,0,0,0,0
1760555247423,5,400,326.795,1760555221223,0,0,0,0
1760555247523,2,500,500,1760555221223,0,0,0,0
1760555247523,3,700,500,1760555221223,0,0,0,0
1760555247523,4,400,673.205,1760555221223,0,0,0,0
1760555247523,5,400,326.795,1760555221223,0,0,0,0
1760555247623,2,500,500,1760555221223,0,0,0,0
1760555247623,3,700,500,1760555221223,0,0,0,0
1760555247623,4,400,673.205,1760555221223,0,0,0,0
1760555247623,5,400,326.795,1760555221223,0,0,0,0
1760555247723,2,500,500,1760555221223,0,0,0,0
1760555247723,3,700,500,1760555221223,0,0,0,0
1760555247723,4,400,673.205,1760555221223,0,0,0,0
1760555247723,5,400,326.795,1760555221223,0,0,0,0
1760555247823,2,500,500,1760555221223,0,0,0,0
1760555247823,3,700,500,1760555221223,0,0,0,0
1760555247823,4,400,673.205,1760555221223,0,0,0,0
1760555247823,5,400,326.795,1760555221223,0,0,0,0
1760555247923,2,500,500,1760555221223,0,0,0,0
1760555247923,3,700,500,1760555221223,0,0,0,0
1760555247923,4,400,673.205,1760555221223,0,0,0,0
1760555247923,5,400,326.795,1760555221223,0,0,0,0
1760555248023,2,500,500,1760555221223,0,0,0,0
1760555248023,3,700,500,1760555221223,0,0,0,0
1760555248023,4,400,673.205,1760555221223,0,0,0,0
1760555248023,5,400,326.795,1760555221223,0,0,0,0
1760555248123,2,500,500,1760555221223,0,0,0,0
1760555248123,3,700,500,1760555221223,0,0,0,0
1760555248123,4,400,673.205,1760555221223,0,0,0,0
1760555248123,5,400,326.795,1760555221223,0,0,0,0
1760555248223,2,500,500,1760555221223,0,0,0,0
1760555248223,3,700,500,1760555221223,0,0,0,0
1760555248223,4,400,673.205,1760555221223,0,0,0,0
1760555248223,5,400,326.795,1760555221223,0,0,0,0
1760555248323,2,500,500,1760555221223,0,0,0,0
1760555248323,3,700,500,1760555221223,0,0,0,0
1760555248323,4,400,673.205,1760555221223,0,0,0,0
1760555248323,5,400,326.795,1760555221223,0,0,0,0
1760555248423,2,500,500,1760555221223,0,0,0,0
1760555248423,3,700,500,1760555221223,0,0,0,0
1760555248423,4,400,673.205,1760555221223,0,0,0,0
1760555248423,5,400,326.795,1760555221223,0,0,0,0
1760555248523,2,500,500,1760555221223,0,0,0,0
1760555248523,3,700,500,1760555221223,0,0,0,0
1760555248523,4,400,673.205,1760555221223,0,0,0,0
1760555248523,5,400,326.795,1760555221223,0,0,0,0
1760555248623,2,500,500,1760555221223,0,0,0,0
1760555248623,3,700,500,1760555221223,0,0,0,0
1760555248623,4,400,673.205,1760555221223,0,0,0,0
1760555248623,5,400,326.795,1760555221223,0,0,0,0
1760555248723,2,500,500,1760555221223,0,0,0,0
1760555248723,3,700,500,1760555221223,0,0,0,0
1760555248723,4,400,673.205,1760555221223,0,0,0,0
1760555248723,5,400,326.795,1760555221223,0,0,0,0
1760555248823,2,500,500,1760555221223,0,0,0,0
1760555248823,3,700,500,1760555221223,0,0,0,0
1760555248823,4,400,673.205,1760555221223,0,0,0,0
1760555248823,5,400,326.795,1760555221223,0,0,0,0
1760555248923,2,500,500,1760555221223,0,0,0,0
1760555248923,3,700,500,1760555221223,0,0,0,0
1760555248923,4,400,673.205,1760555221223,0,0,0,0
1760555248923,5,400,326.795,1760555221223,0,0,0,0
1760555249023,2,500,500,1760555221223,0,0,0,0
1760555249023,3,700,500,1760555221223,0,0,0,0
1760555249023,4,400,673.205,1760555221223,0,0,0,0
1760555249023,5,400,326.795,1760555221223,0,0,0,0
1760555249123,2,500,500,1760555221223,0,0,0,0
1760555249123,3,700,500,1760555221223,0,0,0,0
1760555249123,4,400,673.205,1760555221223,0,0,0,0
1760555249123,5,400,326.795,1760555221223,0,0,0,0
1760555249223,2,500,500,1760555221223,0,0,0,0
1760555249223,3,700,500,1760555221223,0,0,0,0
1760555249223,4,400,673.205,1760555221223,0,0,0,0
1760555249223,5,400,326.795,1760555221223,0,0,0,0
1760555249323,2,500,500,1760555221223,0,0,0,0
1760555249323,3,700,500,1760555221223,0,0,0,0
1760555249323,4,400,673.205,1760555221223,0,0,0,0
1760555249323,5,400,326.795,1760555221223,0,0,0,0
1760555249423,2,500,500,1760555221223,0,0,0,0
1760555249423,3,700,500,1760555221223,0,0,0,0
1760555249423,4,400,673.205,1760555221223,0,0,0,0
1760555249423,5,400,326.795,1760555221223,0,0,0,0
1760555249523,2,500,500,1760555221223,0,0,0,0
1760555249523,3,700,500,1760555221223,0,0,0,0
1760555249523,4,400,673.205,1760555221223,0,0,0,0
1760555249523,5,400,326.795,1760555221223,0,0,0,0
1760555249623,2,500,500,1760555221223,0,0,0,0
1760555249623,3,700,500,1760555221223,0,0,0,0
1760555249623,4,400,673.205,1760555221223,0,0,0,0
1760555249623,5,400,326.795,1760555221223,0,0,0,0
1760555249723,2,500,500,1760555221223,0,0,0,0
1760555249723,3,700,500,1760555221223,0,0,0,0
1760555249723,4,400,673.205,1760555221223,0,0,0,0
1760555249723,5,400,326.795,1760555221223,0,0,0,0
1760555249823,2,500,500,1760555221223,0,0,0,0
1760555249823,3,700,500,1760555221223,0,0,0,0
1760555249823,4,400,673.205,1760555221223,0,0,0,0
1760555249823,5,400,326.795,1760555221223,0,0,0,0
1760555249923,2,500,500,1760555221223,0,0,0,0
1760555249923,3,700,500,1760555221223,0,0,0,0
1760555249923,4,400,673.205,1760555221223,0,0,0,0
1760555249923,5,400,326.795,1760555221223,0,0,0,0
1760555250023,2,500,500,1760555221223,0,0,0,0
1760555250023,3,700,500,1760555221223,0,0,0,0
1760555250023,4,400,673.205,1760555221223,0,0,0,0
1760555250023,5,400,326.795,1760555221223,0,0,0,0
1760555250123,2,500,500,1760555221223,0,0,0,0
1760555250123,3,700,500,1760555221223,0,0,0,0
1760555250123,4,400,673.205,1760555221223,0,0,0,0
1760555250123,5,400,326.795,1760555221223,0,0,0,0
1760555250223,2,500,500,1760555221223,0,0,0,0
1760555250223,3,700,500,1760555221223,0,0,0,0
1760555250223,4,400,673.205,1760555221223,0,0,0,0
1760555250223,5,400,326.795,1760555221223,0,0,0,0
1760555250323,2,500,500,1760555221223,0,0,0,0
1760555250323,3,700,500,1760555221223,0,0,0,0
1760555250323,4,400,673.205,1760555221223,0,0,0,0
1760555250323,5,400,326.795,1760555221223,0,0,0,0
1760555250423,2,500,500,1760555221223,0,0,0,0
1760555250423,3,700,500,1760555221223,0,0,0,0
1760555250423,4,400,673.205,1760555221223,0,0,0,0
1760555250423,5,400,326.795,1760555221223,0,0,0,0
1760555250523,2,500,500,1760555221223,0,0,0,0
1760555250523,3,700,500,1760555221223,0,0,0,0
1760555250523,4,400,673.205,1760555221223,0,0,0,0
1760555250523,5,400,326.795,1760555221223,0,0,0,0
1760555250623,2,500,500,1760555221223,0,0,0,0
1760555250623,3,700,500,1760555221223,0,0,0,0
1760555250623,4,400,673.205,1760555221223,0,0,0,0
1760555250623,5,400,326.795,1760555221223,0,0,0,0
1760555250723,2,500,500,1760555221223,0,0,0,0
1760555250723,3,700,500,1760555221223,0,0,0,0
1760555250723,4,400,673.205,1760555221223,0,0,0,0
1760555250723,5,400,326.795,1760555221223,0,0,0,0
1760555250823,2,500,500,1760555221223,0,0,0,0
1760555250823,3,700,500,1760555221223,0,0,0,0
1760555250823,4,400,673.205,1760555221223,0,0,0,0
1760555250823,5,400,326.795,1760555221223,0,0,0,0
1760555250923,2,500,500,1760555221223,0,0,0,0
1760555250923,3,700,500,1760555221223,0,0,0,0
1760555250923,4,400,673.205,1760555221223,0,0,0,0
1760555250923,5,400,326.795,1760555221223,0,0,0,0
1760555251023,2,500,500,1760555221223,0,0,0,0
1760555251023,3,700,500,1760555221223,0,0,0,0
1760555251023,4,400,673.205,1760555221223,0,0,0,0
1760555251023,5,400,326.795,1760555221223,0,0,0,0
1760555251123,2,500,500,1760555221223,0,0,0,0
1760555251123,3,700,500,1760555221223,0,0,0,0
1760555251123,4,400,673.205,1760555221223,0,0,0,0
1760555251123,5,400,326.795,1760555221223,0,0,0,0
1760555251223,2,500,500,1760555221223,0,0,0,0
1760555251223,3,700,500,1760555221223,0,0,0,0
1760555251223,4,400,673.205,1760555221223,0,0,0,0
1760555251223,5,400,326.795,1760555221223,0,0,0,0
1760555251323,2,500,500,1760555221223,0,0,0,0
1760555251323,3,700,500,1760555221223,0,0,0,0
1760555251323,4,400,673.205,1760555221223,0,0,0,0
1760555251323,5,400,326.795,1760555221223,0,0,0,0
1760555251423,2,500,500,1760555221223,0,0,0,0
1760555251423,3,700,500,1760555221223,0,0,0,0
1760555251423,4,400,673.205,1760555221223,0,0,0,0
1760555251423,5,400,326.795,1760555221223,0,0,0,0
1760555251523,2,500,500,1760555221223,0,0,0,0
1760555251523,3,700,500,1760555221223,0,0,0,0
1760555251523,4,400,673.205,1760555221223,0,0,0,0
1760555251523,5,400,326.795,1760555221223,0,0,0,0
1760555251623,2,500,500,1760555221223,0,0,0,0
1760555251623,3,700,500,1760555221223,0,0,0,0
1760555251623,4,400,673.205,1760555221223,0,0,0,0
1760555251623,5,400,326.795,1760555221223,0,0,0,0
1760555251723,2,500,500,1760555221223,0,0,0,0
1760555251723,3,700,500,1760555221223,0,0,0,0
1760555251723,4,400,673.205,1760555221223,0,0,0,0
1760555251723,5,400,326.795,1760555221223,0,0,0,0
1760555251823,2,500,500,1760555221223,0,0,0,0
1760555251823,3,700,500,1760555221223,0,0,0,0
1760555251823,4,400,673.205,1760555221223,0,0,0,0
1760555251823,5,400,326.795,1760555221223,0,0,0,0
1760555251923,2,500,500,1760555221223,0,0,0,0
1760555251923,3,700,500,1760555221223,0,0,0,0
1760555251923,4,400,673.205,1760555221223,0,0,0,0
1760555251923,5,400,326.795,1760555221223,0,0,0,0
1760555252023,2,500,500,1760555221223,0,0,0,0
1760555252023,3,700,500,1760555221223,0,0,0,0
1760555252023,4,400,673.205,1760555221223,0,0,0,0
1760555252023,5,400,326.795,1760555221223,0,0,0,0
1760555252123,2,500,500,1760555221223,0,0,0,0
1760555252123,3,700,500,1760555221223,0,0,0,0
1760555252123,4,400,673.205,1760555221223,0,0,0,0
1760555252123,5,400,326.795,1760555221223,0,0,0,0
1760555252223,2,500,500,1760555221223,0,0,0,0
1760555252223,3,700,500,1760555221223,0,0,0,0
1760555252223,4,400,673.205,1760555221223,0,0,0,0
1760555252223,5,400,326.795,1760555221223,0,0,0,0
1760555252323,2,500,500,1760555221223,0,0,0,0
1760555252323,3,700,500,1760555221223,0,0,0,0
1760555252323,4,400,673.205,1760555221223,0,0,0,0
1760555252323,5,400,326.795,1760555221223,0,0,0,0
1760555252423,2,500,500,1760555221223,0,0,0,0
1760555252423,3,700,500,1760555221223,0,0,0,0
1760555252423,4,400,673.205,1760555221223,0,0,0,0
1760555252423,5,400,326.795,1760555221223,0,0,0,0
1760555252523,2,500,500,1760555221223,0,0,0,0
1760555252523,3,700,500,1760555221223,0,0,0,0
1760555252523,4,400,673.205,1760555221223,0,0,0,0
1760555252523,5,400,326.795,1760555221223,0,0,0,0
1760555252623,2,500,500,1760555221223,0,0,0,0
1760555252623,3,700,500,1760555221223,0,0,0,0
1760555252623,4,400,673.205,1760555221223,0,0,0,0
1760555252623,5,400,326.795,1760555221223,0,0,0,0
1760555252723,2,500,500,1760555221223,0,0,0,0
1760555252723,3,700,500,1760555221223,0,0,0,0
1760555252723,4,400,673.205,1760555221223,0,0,0,0
1760555252723,5,400,326.795,1760555221223,0,0,0,0
1760555252823,2,500,500,1760555221223,0,0,0,0
1760555252823,3,700,500,1760555221223,0,0,0,0
1760555252823,4,400,673.205,1760555221223,0,0,0,0
1760555252823,5,400,326.795,1760555221223,0,0,0,0
1760555252923,2,500,500,1760555221223,0,0,0,0
1760555252923,3,700,500,1760555221223,0,0,0,0
1760555252923,4,400,673.205,1760555221223,0,0,0,0
1760555252923,5,400,326.795,1760555221223,0,0,0,0
1760555253023,2,500,500,1760555221223,0,0,0,0
1760555253023,3,700,500,1760555221223,0,0,0,0
1760555253023,4,400,673.205,1760555221223,0,0,0,0
1760555253023,5,400,326.795,1760555221223,0,0,0,0
1760555253123,2,500,500,1760555221223,0,0,0,0
1760555253123,3,700,500,1760555221223,0,0,0,0
1760555253123,4,400,673.205,1760555221223,0,0,0,0
1760555253123,5,400,326.795,1760555221223,0,0,0,0
1760555253223,2,500,500,1760555221223,0,0,0,0
1760555253223,3,700,500,1760555221223,0,0,0,0
1760555253223,4,400,673.205,1760555221223,0,0,0,0
1760555253223,5,400,326.795,1760555221223,0,0,0,0
1760555253323,2,500,500,1760555221223,0,0,0,0
1760555253323,3,700,500,1760555221223,0,0,0,0
1760555253323,4,400,673.205,1760555221223,0,0,0,0
1760555253323,5,400,326.795,1760555221223,0,0,0,0
1760555253423,2,500,500,1760555221223,0,0,0,0
1760555253423,3,700,500,1760555221223,0,0,0,0
1760555253423,4,400,673.205,1760555221223,0,0,0,0
1760555253423,5,400,326.795,1760555221223,0,0,0,0
1760555253523,2,500,500,1760555221223,0,0,0,0
1760555253523,3,700,500,1760555221223,0,0,0,0
1760555253523,4,400,673.205,1760555221223,0,0,0,0
1760555253523,5,400,326.795,1760555221223,0,0,0,0
1760555253623,2,500,500,1760555221223,0,0,0,0
1760555253623,3,700,500,1760555221223,0,0,0,0
1760555253623,4,400,673.205,1760555221223,0,0,0,0
1760555253623,5,400,326.795,1760555221223,0,0,0,0
1760555253723,2,500,500,1760555221223,0,0,0,0
1760555253723,3,700,500,1760555221223,0,0,0,0
1760555253723,4,400,673.205,1760555221223,0,0,0,0
1760555253723,5,400,326.795,1760555221223,0,0,0,0
1760555253823,2,500,500,1760555221223,0,0,0,0
1760555253823,3,700,500,1760555221223,0,0,0,0
1760555253823,4,400,673.205,1760555221223,0,0,0,0
1760555253823,5,400,326.795,1760555221223,0,0,0,0
1760555253923,2,500,500,1760555221223,0,0,0,0
1760555253923,3,700,500,1760555221223,0,0,0,0
1760555253923,4,400,673.205,1760555221223,0,0,0,0
1760555253923,5,400,326.795,1760555221223,0,0,0,0
1760555254023,2,500,500,1760555221223,0,0,0,0
1760555254023,3,700,500,1760555221223,0,0,0,0
1760555254023,4,400,673.205,1760555221223,0,0,0,0
1760555254023,5,400,326.795,1760555221223,0,0,0,0
1760555254123,2,500,500,1760555221223,0,0,0,0
1760555254123,3,700,500,1760555221223,0,0,0,0
1760555254123,4,400,673.205,1760555221223,0,0,0,0
1760555254123,5,400,326.795,1760555221223,0,0,0,0
1760555254223,2,500,500,1760555221223,0,0,0,0
1760555254223,3,700,500,1760555221223,0,0,0,0
1760555254223,4,400,673.205,1760555221223,0,0,0,0
1760555254223,5,400,326.795,1760555221223,0,0,0,0
1760555254323,2,500,500,1760555221223,0,0,0,0
1760555254323,3,700,500,1760555221223,0,0,0,0
1760555254323,4,400,673.205,1760555221223,0,0,0,0
1760555254323,5,400,326.795,1760555221223,0,0,0,0
1760555254423,2,500,500,1760555221223,0,0,0,0
1760555254423,3,700,500,1760555221223,0,0,0,0
1760555254423,4,400,673.205,1760555221223,0,0,0,0
1760555254423,5,400,326.795,1760555221223,0,0,0,0
1760555254523,2,500,500,1760555221223,0,0,0,0
1760555254523,3,700,500,1760555221223,0,0,0,0
1760555254523,4,400,673.205,1760555221223,0,0,0,0
1760555254523,5,400,326.795,1760555221223,0,0,0,0
1760555254623,2,500,500,1760555221223,0,0,0,0
1760555254623,3,700,500,1760555221223,0,0,0,0
1760555254623,4,400,673.205,1760555221223,0,0,0,0
1760555254623,5,400,326.795,1760555221223,0,0,0,0
1760555254723,2,500,500,1760555221223,0,0,0,0
1760555254723,3,700,500,1760555221223,0,0,0,0
1760555254723,4,400,673.205,1760555221223,0,0,0,0
1760555254723,5,400,326.795,1760555221223,0,0,0,0
1760555254823,2,500,500,1760555221223,0,0,0,0
1760555254823,3,700,500,1760555221223,0,0,0,0
1760555254823,4,400,673.205,1760555221223,0,0,0,0
1760555254823,5,400,326.795,1760555221223,0,0,0,0
1760555254923,2,500,500,1760555221223,0,0,0,0
1760555254923,3,700,500,1760555221223,0,0,0,0
1760555254923,4,400,673.205,1760555221223,0,0,0,0
1760555254923,5,400,326.795,1760555221223,0,0,0,0
1760555255023,2,500,500,1760555221223,0,0,0,0
1760555255023,3,700,500,1760555221223,0,0,0,0
1760555255023,4,400,673.205,1760555221223,0,0,0,0
1760555255023,5,400,326.795,1760555221223,0,0,0,0
1760555255123,2,500,500,1760555221223,0,0,0,0
1760555255123,3,700,500,1760555221223,0,0,0,0
1760555255123,4,400,673.205,1760555221223,0,0,0,0
1760555255123,5,400,326.795,1760555221223,0,0,0,0
1760555255223,2,500,500,1760555221223,0,0,0,0
1760555255223,3,700,500,1760555221223,0,0,0,0
1760555255223,4,400,673.205,1760555221223,0,0,0,0
1760555255223,5,400,326.795,1760555221223,0,0,0,0
1760555255323,2,500,500,1760555221223,0,0,0,0
1760555255323,3,700,500,1760555221223,0,0,0,0
1760555255323,4,400,673.205,1760555221223,0,0,0,0
1760555255323,5,400,326.795,1760555221223,0,0,0,0
1760555255423,2,500,500,1760555221223,0,0,0,0
1760555255423,3,700,500,1760555221223,0,0,0,0
1760555255423,4,400,673.205,1760555221223,0,0,0,0
1760555255423,5,400,326.795,1760555221223,0,0,0,0
1760555255523,2,500,500,1760555221223,0,0,0,0
1760555255523,3,700,500,1760555221223,0,0,0,0
1760555255523,4,400,673.205,1760555221223,0,0,0,0
1760555255523,5,400,326.795,1760555221223,0,0,0,0
1760555255623,2,500,500,1760555221223,0,0,0,0
1760555255623,3,700,500,1760555221223,0,0,0,0
1760555255623,4,400,673.205,1760555221223,0,0,0,0
1760555255623,5,400,326.795,1760555221223,0,0,0,0
1760555255723,2,500,500,1760555221223,0,0,0,0
1760555255723,3,700,500,1760555221223,0,0,0,0
1760555255723,4,400,673.205,1760555221223,0,0,0,0
1760555255723,5,400,326.795,1760555221223,0,0,0,0
1760555255823,2,500,500,1760555221223,0,0,0,0
1760555255823,3,700,500,1760555221223,0,0,0,0
1760555255823,4,400,673.205,1760555221223,0,0,0,0
1760555255823,5,400,326.795,1760555221223,0,0,0,0
1760555255923,2,500,500,1760555221223,0,0,0,0
1760555255923,3,700,500,1760555221223,0,0,0,0
1760555255923,4,400,673.205,1760555221223,0,0,0,0
1760555255923,5,400,326.795,1760555221223,0,0,0,0
1760555256023,2,500,500,1760555221223,0,0,0,0
1760555256023,3,700,500,1760555221223,0,0,0,0
1760555256023,4,400,673.205,1760555221223,0,0,0,0
1760555256023,5,400,326.795,1760555221223,0,0,0,0
1760555256123,2,500,500,1760555221223,0,0,0,0
1760555256123,3,700,500,1760555221223,0,0,0,0
1760555256123,4,400,673.205,1760555221223,0,0,0,0
1760555256123,5,400,326.795,1760555221223,0,0,0,0
1760555256223,2,500,500,1760555221223,0,0,0,0
1760555256223,3,700,500,1760555221223,0,0,0,0
1760555256223,4,400,673.205,1760555221223,0,0,0,0
1760555256223,5,400,326.795,1760555221223,0,0,0,0
1760555256323,2,500,500,1760555221223,0,0,0,0
1760555256323,3,700,500,1760555221223,0,0,0,0
1760555256323,4,400,673.205,1760555221223,0,0,0,0
1760555256323,5,400,326.795,1760555221223,0,0,0,0
1760555256423,2,500,500,1760555221223,0,0,0,0
1760555256423,3,700,500,1760555221223,0,0,0,0
1760555256423,4,400,673.205,1760555221223,0,0,0,0
1760555256423,5,400,326.795,1760555221223,0,0,0,0
1760555256523,2,500,500,1760555221223,0,0,0,0
1760555256523,3,700,500,1760555221223,0,0,0,0
1760555256523,4,400,673.205,1760555221223,0,0,0,0
1760555256523,5,400,326.795,1760555221223,0,0,0,0
1760555256623,2,500,500,1760555221223,0,0,0,0
1760555256623,3,700,500,1760555221223,0,0,0,0
1760555256623,4,400,673.205,1760555221223,0,0,0,0
1760555256623,5,400,326.795,1760555221223,0,0,0,0
1760555256723,2,500,500,1760555221223,0,0,0,0
1760555256723,3,700,500,1760555221223,0,0,0,0
1760555256723,4,400,673.205,1760555221223,0,0,0,0
1760555256723,5,400,326.795,1760555221223,0,0,0,0
1760555256823,2,500,500,1760555221223,0,0,0,0
1760555256823,3,700,500,1760555221223,0,0,0,0
1760555256823,4,400,673.205,1760555221223,0,0,0,0
1760555256823,5,400,326.795,1760555221223,0,0,0,0
1760555256923,2,500,500,1760555221223,0,0,0,0
1760555256923,3,700,500,1760555221223,0,0,0,0
1760555256923,4,400,673.205,1760555221223,0,0,0,0
1760555256923,5,400,326.795,1760555221223,0,0,0,0
1760555257023,2,500,500,1760555221223,0,0,0,0
1760555257023,3,700,500,1760555221223,0,0,0,0
1760555257023,4,400,673.205,1760555221223,0,0,0,0
1760555257023,5,400,326.795,1760555221223,0,0,0,0
1760555257123,2,500,500,1760555221223,0,0,0,0
1760555257123,3,700,500,1760555221223,0,0,0,0
1760555257123,4,400,673.205,1760555221223,0,0,0,0
1760555257123,5,400,326.795,1760555221223,0,0,0,0
1760555257223,2,500,500,1760555221223,0,0,0,0
1760555257223,3,700,500,1760555221223,0,0,0,0
1760555257223,4,400,673.205,1760555221223,0,0,0,0
1760555257223,5,400,326.795,1760555221223,0,0,0,0
1760555257323,2,500,500,1760555221223,0,0,0,0
1760555257323,3,700,500,1760555221223,0,0,0,0
1760555257323,4,400,673.205,1760555221223,0,0,0,0
1760555257323,5,400,326.795,1760555221223,0,0,0,0
1760555257423,2,500,500,1760555221223,0,0,0,0
1760555257423,3,700,500,1760555221223,0,0,0,0
1760555257423,4,400,673.205,1760555221223,0,0,0,0
1760555257423,5,400,326.795,1760555221223,0,0,0,0
1760555257523,2,500,500,1760555221223,0,0,0,0
1760555257523,3,700,500,1760555221223,0,0,0,0
1760555257523,4,400,673.205,1760555221223,0,0,0,0
1760555257523,5,400,326.795,1760555221223,0,0,0,0
1760555257623,2,500,500,1760555221223,0,0,0,0
1760555257623,3,700,500,1760555221223,0,0,0,0
1760555257623,4,400,673.205,1760555221223,0,0,0,0
1760555257623,5,400,326.795,1760555221223,0,0,0,0
1760555257723,2,500,500,1760555221223,0,0,0,0
1760555257723,3,700,500,1760555221223,0,0,0,0
1760555257723,4,400,673.205,1760555221223,0,0,0,0
1760555257723,5,400,326.795,1760555221223,0,0,0,0
1760555257823,2,500,500,1760555221223,0,0,0,0
1760555257823,3,700,500,1760555221223,0,0,0,0
1760555257823,4,400,673.205,1760555221223,0,0,0,0
1760555257823,5,400,326.795,1760555221223,0,0,0,0
1760555257923,2,500,500,1760555221223,0,0,0,0
1760555257923,3,700,500,1760555221223,0,0,0,0
1760555257923,4,400,673.205,1760555221223,0,0,0,0
1760555257923,5,400,326.795,1760555221223,0,0,0,0
1760555258023,2,500,500,1760555221223,0,0,0,0
1760555258023,3,700,500,1760555221223,0,0,0,0
1760555258023,4,400,673.205,1760555221223,0,0,0,0
1760555258023,5,400,326.795,1760555221223,0,0,0,0
1760555258123,2,500,500,1760555221223,0,0,0,0
1760555258123,3,700,500,1760555221223,0,0,0,0
1760555258123,4,400,673.205,1760555221223,0,0,0,0
1760555258123,5,400,326.795,1760555221223,0,0,0,0
1760555258223,2,500,500,1760555221223,0,0,0,0
1760555258223,3,700,500,1760555221223,0,0,0,0
1760555258223,4,400,673.205,1760555221223,0,0,0,0
1760555258223,5,400,326.795,1760555221223,0,0,0,0
1760555258323,2,500,500,1760555221223,0,0,0,0
1760555258323,3,700,500,1760555221223,0,0,0,0
1760555258323,4,400,673.205,1760555221223,0,0,0,0
1760555258323,5,400,326.795,1760555221223,0,0,0,0
1760555258423,2,500,500,1760555221223,0,0,0,0
1760555258423,3,700,500,1760555221223,0,0,0,0
1760555258423,4,400,673.205,1760555221223,0,0,0,0
1760555258423,5,400,326.795,1760555221223,0,0,0,0
1760555258523,2,500,500,1760555221223,0,0,0,0
1760555258523,3,700,500,1760555221223,0,0,0,0
1760555258523,4,400,673.205,1760555221223,0,0,0,0
1760555258523,5,400,326.795,1760555221223,0,0,0,0
1760555258623,2,500,500,1760555221223,0,0,0,0
1760555258623,3,700,500,1760555221223,0,0,0,0
1760555258623,4,400,673.205,1760555221223,0,0,0,0
1760555258623,5,400,326.795,1760555221223,0,0,0,0
1760555258723,2,500,500,1760555221223,0,0,0,0
1760555258723,3,700,500,1760555221223,0,0,0,0
1760555258723,4,400,673.205,1760555221223,0,0,0,0
1760555258723,5,400,326.795,1760555221223,0,0,0,0
1760555258823,2,500,500,1760555221223,0,0,0,0
1760555258823,3,700,500,1760555221223,0,0,0,0
1760555258823,4,400,673.205,1760555221223,0,0,0,0
1760555258823,5,400,326.795,1760555221223,0,0,0,0
1760555258923,2,500,500,1760555221223,0,0,0,0
1760555258923,3,700,500,1760555221223,0,0,0,0
1760555258923,4,400,673.205,1760555221223,0,0,0,0
1760555258923,5,400,326.795,1760555221223,0,0,0,0
1760555259023,2,500,500,1760555221223,0,0,0,0
1760555259023,3,700,500,1760555221223,0,0,0,0
1760555259023,4,400,673.205,1760555221223,0,0,0,0
1760555259023,5,400,326.795,1760555221223,0,0,0,0
1760555259123,2,500,500,1760555221223,0,0,0,0
1760555259123,3,700,500,1760555221223,0,0,0,0
1760555259123,4,400,673.205,1760555221223,0,0,0,0
1760555259123,5,400,326.795,1760555221223,0,0,0,0
1760555259223,2,500,500,1760555221223,0,0,0,0
1760555259223,3,700,500,1760555221223,0,0,0,0
1760555259223,4,400,673.205,1760555221223,0,0,0,0
1760555259223,5,400,326.795,1760555221223,0,0,0,0
1760555259323,2,500,500,1760555221223,0,0,0,0
1760555259323,3,700,500,1760555221223,0,0,0,0
1760555259323,4,400,673.205,1760555221223,0,0,0,0
1760555259323,5,400,326.795,1760555221223,0,0,0,0
1760555259423,2,500,500,1760555221223,0,0,0,0
1760555259423,3,700,500,1760555221223,0,0,0,0
1760555259423,4,400,673.205,1760555221223,0,0,0,0
1760555259423,5,400,326.795,1760555221223,0,0,0,0
1760555259523,2,500,500,1760555221223,0,0,0,0
1760555259523,3,700,500,1760555221223,0,0,0,0
1760555259523,4,400,673.205,1760555221223,0,0,0,0
1760555259523,5,400,326.795,1760555221223,0,0,0,0
1760555259623,2,500,500,1760555221223,0,0,0,0
1760555259623,3,700,500,1760555221223,0,0,0,0
1760555259623,4,400,673.205,1760555221223,0,0,0,0
1760555259623,5,400,326.795,1760555221223,0,0,0,0
1760555259723,2,500,500,1760555221223,0,0,0,0
1760555259723,3,700,500,1760555221223,0,0,0,0
1760555259723,4,400,673.205,1760555221223,0,0,0,0
1760555259723,5,400,326.795,1760555221223,0,0,0,0
1760555259823,2,500,500,1760555221223,0,0,0,0
1760555259823,3,700,500,1760555221223,0,0,0,0
1760555259823,4,400,673.205,1760555221223,0,0,0,0
1760555259823,5,400,326.795,1760555221223,0,0,0,0
1760555259923,2,500,500,1760555221223,0,0,0,0
1760555259923,3,700,500,1760555221223,0,0,0,0
1760555259923,4,400,673.205,1760555221223,0,0,0,0
1760555259923,5,400,326.795,1760555221223,0,0,0,0
1760555260023,2,500,500,1760555221223,0,0,0,0
1760555260023,3,700,500,1760555221223,0,0,0,0
1760555260023,4,400,673.205,1760555221223,0,0,0,0
1760555260023,5,400,326.795,1760555221223,0,0,0,0
1760555260123,2,500,500,1760555221223,0,0,0,0
1760555260123,3,700,500,1760555221223,0,0,0,0
1760555260123,4,400,673.205,1760555221223,0,0,0,0
1760555260123,5,400,326.795,1760555221223,0,0,0,0
1760555260223,2,500,500,1760555221223,0,0,0,0
1760555260223,3,700,500,1760555221223,0,0,0,0
1760555260223,4,400,673.205,1760555221223,0,0,0,0
1760555260223,5,400,326.795,1760555221223,0,0,0,0
1760555260323,2,500,500,1760555221223,0,0,0,0
1760555260323,3,700,500,1760555221223,0,0,0,0
1760555260323,4,400,673.205,1760555221223,0,0,0,0
1760555260323,5,400,326.795,1760555221223,0,0,0,0
1760555260423,2,500,500,1760555221223,0,0,0,0
1760555260423,3,700,500,1760555221223,0,0,0,0
1760555260423,4,400,673.205,1760555221223,0,0,0,0
1760555260423,5,400,326.795,1760555221223,0,0,0,0
1760555260523,2,500,500,1760555221223,0,0,0,0
1760555260523,3,700,500,1760555221223,0,0,0,0
1760555260523,4,400,673.205,1760555221223,0,0,0,0
1760555260523,5,400,326.795,1760555221223,0,0,0,0
1760555260623,2,500,500,1760555221223,0,0,0,0
1760555260623,3,700,500,1760555221223,0,0,0,0
1760555260623,4,400,673.205,1760555221223,0,0,0,0
1760555260623,5,400,326.795,1760555221223,0,0,0,0
1760555260723,2,500,500,1760555221223,0,0,0,0
1760555260723,3,700,500,1760555221223,0,0,0,0
1760555260723,4,400,673.205,1760555221223,0,0,0,0
1760555260723,5,400,326.795,1760555221223,0,0,0,0
1760555260823,2,500,500,1760555221223,0,0,0,0
1760555260823,3,700,500,1760555221223,0,0,0,0
1760555260823,4,400,673.205,1760555221223,0,0,0,0
1760555260823,5,400,326.795,1760555221223,0,0,0,0
1760555260923,2,500,500,1760555221223,0,0,0,0
1760555260923,3,700,500,1760555221223,0,0,0,0
1760555260923,4,400,673.205,1760555221223,0,0,0,0
1760555260923,5,400,326.795,1760555221223,0,0,0,0
1760555261023,2,500,500,1760555221223,0,0,0,0
1760555261023,3,700,500,1760555221223,0,0,0,0
1760555261023,4,400,673.205,1760555221223,0,0,0,0
1760555261023,5,400,326.795,1760555221223,0,0,0,0
1760555261123,2,500,500,1760555221223,0,0,0,0
1760555261123,3,700,500,1760555221223,0,0,0,0
1760555261123,4,400,673.205,1760555221223,0,0,0,0
1760555261123,5,400,326.795,1760555221223,0,0,0,0
1760555261223,2,500,500,1760555221223,0,0,0,0
1760555261223,3,700,500,1760555221223,0,0,0,0
1760555261223,4,400,673.205,1760555221223,0,0,0,0
1760555261223,5,400,326.795,1760555221223,0,0,0,0
1760555261323,2,500,500,1760555221223,0,0,0,0
1760555261323,3,700,500,1760555221223,0,0,0,0
1760555261323,4,400,673.205,1760555221223,0,0,0,0
1760555261323,5,400,326.795,1760555221223,0,0,0,0
1760555261423,2,500,500,1760555221223,0,0,0,0
1760555261423,3,700,500,1760555221223,0,0,0,0
1760555261423,4,400,673.205,1760555221223,0,0,0,0
1760555261423,5,400,326.795,1760555221223,0,0,0,0
1760555261523,2,500,500,1760555221223,0,0,0,0
1760555261523,3,700,500,1760555221223,0,0,0,0
1760555261523,4,400,673.205,1760555221223,0,0,0,0
1760555261523,5,400,326.795,1760555221223,0,0,0,0
1760555261623,2,500,500,1760555221223,0,0,0,0
1760555261623,3,700,500,1760555221223,0,0,0,0
1760555261623,4,400,673.205,1760555221223,0,0,0,0
1760555261623,5,400,326.795,1760555221223,0,0,0,0
1760555261723,2,500,500,1760555221223,0,0,0,0
1760555261723,3,700,500,1760555221223,0,0,0,0
1760555261723,4,400,673.205,1760555221223,0,0,0,0
1760555261723,5,400,326.795,1760555221223,0,0,0,0
1760555261823,2,500,500,1760555221223,0,0,0,0
1760555261823,3,700,500,1760555221223,0,0,0,0
1760555261823,4,400,673.205,1760555221223,0,0,0,0
1760555261823,5,400,326.795,1760555221223,0,0,0,0
1760555261923,2,500,500,1760555221223,0,0,0,0
1760555261923,3,700,500,1760555221223,0,0,0,0
1760555261923,4,400,673.205,1760555221223,0,0,0,0
1760555261923,5,400,326.795,1760555221223,0,0,0,0
1760555262023,2,500,500,1760555221223,0,0,0,0
1760555262023,3,700,500,1760555221223,0,0,0,0
1760555262023,4,400,673.205,1760555221223,0,0,0,0
1760555262023,5,400,326.795,1760555221223,0,0,0,0
1760555262123,2,500,500,1760555221223,0,0,0,0
1760555262123,3,700,500,1760555221223,0,0,0,0
1760555262123,4,400,673.205,1760555221223,0,0,0,0
1760555262123,5,400,326.795,1760555221223,0,0,0,0
1760555262223,2,500,500,1760555221223,0,0,0,0
1760555262223,3,700,500,1760555221223,0,0,0,0
1760555262223,4,400,673.205,1760555221223,0,0,0,0
1760555262223,5,400,326.795,1760555221223,0,0,0,0
1760555262323,2,500,500,1760555221223,0,0,0,0
1760555262323,3,700,500,1760555221223,0,0,0,0
1760555262323,4,400,673.205,1760555221223,0,0,0,0
1760555262323,5,400,326.795,1760555221223,0,0,0,0
1760555262423,2,500,500,1760555221223,0,0,0,0
1760555262423,3,700,500,1760555221223,0,0,0,0
1760555262423,4,400,673.205,1760555221223,0,0,0,0
1760555262423,5,400,326.795,1760555221223,0,0,0,0
1760555262523,2,500,500,1760555221223,0,0,0,0
1760555262523,3,700,500,1760555221223,0,0,0,0
1760555262523,4,400,673.205,1760555221223,0,0,0,0
1760555262523,5,400,326.795,1760555221223,0,0,0,0
1760555262623,2,500,500,1760555221223,0,0,0,0
1760555262623,3,700,500,1760555221223,0,0,0,0
1760555262623,4,400,673.205,1760555221223,0,0,0,0
1760555262623,5,400,326.795,1760555221223,0,0,0,0
1760555262723,2,500,500,1760555221223,0,0,0,0
1760555262723,3,700,500,1760555221223,0,0,0,0
1760555262723,4,400,673.205,1760555221223,0,0,0,0
1760555262723,5,400,326.795,1760555221223,0,0,0,0
1760555262823,2,500,500,1760555221223,0,0,0,0
1760555262823,3,700,500,1760555221223,0,0,0,0
1760555262823,4,400,673.205,1760555221223,0,0,0,0
1760555262823,5,400,326.795,1760555221223,0,0,0,0
1760555262923,2,500,500,1760555221223,0,0,0,0
1760555262923,3,700,500,1760555221223,0,0,0,0
1760555262923,4,400,673.205,1760555221223,0,0,0,0
1760555262923,5,400,326.795,1760555221223,0,0,0,0
1760555263023,2,500,500,1760555221223,0,0,0,0
1760555263023,3,700,500,1760555221223,0,0,0,0
1760555263023,4,400,673.205,1760555221223,0,0,0,0
1760555263023,5,400,326.795,1760555221223,0,0,0,0
1760555263123,2,500,500,1760555221223,0,0,0,0
1760555263123,3,700,500,1760555221223,0,0,0,0
1760555263123,4,400,673.205,1760555221223,0,0,0,0
1760555263123,5,400,326.795,1760555221223,0,0,0,0
1760555263223,2,500,500,1760555221223,0,0,0,0
1760555263223,3,700,500,1760555221223,0,0,0,0
1760555263223,4,400,673.205,1760555221223,0,0,0,0
1760555263223,5,400,326.795,1760555221223,0,0,0,0
1760555263323,2,500,500,1760555221223,0,0,0,0
1760555263323,3,700,500,1760555221223,0,0,0,0
1760555263323,4,400,673.205,1760555221223,0,0,0,0
1760555263323,5,400,326.795,1760555221223,0,0,0,0
1760555263423,2,500,500,1760555221223,0,0,0,0
1760555263423,3,700,500,1760555221223,0,0,0,0
1760555263423,4,400,673.205,1760555221223,0,0,0,0
1760555263423,5,400,326.795,1760555221223,0,0,0,0
1760555263523,2,500,500,1760555221223,0,0,0,0
1760555263523,3,700,500,1760555221223,0,0,0,0
1760555263523,4,400,673.205,1760555221223,0,0,0,0
1760555263523,5,400,326.795,1760555221223,0,0,0,0
1760555263623,2,500,500,1760555221223,0,0,0,0
1760555263623,3,700,500,1760555221223,0,0,0,0
1760555263623,4,400,673.205,1760555221223,0,0,0,0
1760555263623,5,400,326.795,1760555221223,0,0,0,0
1760555263723,2,500,500,1760555221223,0,0,0,0
1760555263723,3,700,500,1760555221223,0,0,0,0
1760555263723,4,400,673.205,1760555221223,0,0,0,0
1760555263723,5,400,326.795,1760555221223,0,0,0,0
1760555263823,2,500,500,1760555221223,0,0,0,0
1760555263823,3,700,500,1760555221223,0,0,0,0
1760555263823,4,400,673.205,1760555221223,0,0,0,0
1760555263823,5,400,326.795,1760555221223,0,0,0,0
1760555263923,2,500,500,1760555221223,0,0,0,0
1760555263923,3,700,500,1760555221223,0,0,0,0
1760555263923,4,400,673.205,1760555221223,0,0,0,0
1760555263923,5,400,326.795,1760555221223,0,0,0,0
1760555264023,2,500,500,1760555221223,0,0,0,0
1760555264023,3,700,500,1760555221223,0,0,0,0
1760555264023,4,400,673.205,1760555221223,0,0,0,0
1760555264023,5,400,326.795,1760555221223,0,0,0,0
1760555264123,2,500,500,1760555221223,0,0,0,0
1760555264123,3,700,500,1760555221223,0,0,0,0
1760555264123,4,400,673.205,1760555221223,0,0,0,0
1760555264123,5,400,326.795,1760555221223,0,0,0,0
1760555264223,2,500,500,1760555221223,0,0,0,0
1760555264223,3,700,500,1760555221223,0,0,0,0
1760555264223,4,400,673.205,1760555221223,0,0,0,0
1760555264223,5,400,326.795,1760555221223,0,0,0,0
1760555264323,2,500,500,1760555221223,0,0,0,0
1760555264323,3,700,500,1760555221223,0,0,0,0
1760555264323,4,400,673.205,1760555221223,0,0,0,0
1760555264323,5,400,326.795,1760555221223,0,0,0,0
1760555264423,2,500,500,1760555221223,0,0,0,0
1760555264423,3,700,500,1760555221223,0,0,0,0
1760555264423,4,400,673.205,1760555221223,0,0,0,0
1760555264423,5,400,326.795,1760555221223,0,0,0,0
1760555264523,2,500,500,1760555221223,0,0,0,0
1760555264523,3,700,500,1760555221223,0,0,0,0
1760555264523,4,400,673.205,1760555221223,0,0,0,0
1760555264523,5,400,326.795,1760555221223,0,0,0,0
1760555264623,2,500,500,1760555221223,0,0,0,0
1760555264623,3,700,500,1760555221223,0,0,0,0
1760555264623,4,400,673.205,1760555221223,0,0,0,0
1760555264623,5,400,326.795,1760555221223,0,0,0,0
1760555264723,2,500,500,1760555221223,0,0,0,0
1760555264723,3,700,500,1760555221223,0,0,0,0
1760555264723,4,400,673.205,1760555221223,0,0,0,0
1760555264723,5,400,326.795,1760555221223,0,0,0,0
1760555264823,2,500,500,1760555221223,0,0,0,0
1760555264823,3,700,500,1760555221223,0,0,0,0
1760555264823,4,400,673.205,1760555221223,0,0,0,0
1760555264823,5,400,326.795,1760555221223,0,0,0,0
1760555264923,2,500,500,1760555221223,0,0,0,0
1760555264923,3,700,500,1760555221223,0,0,0,0
1760555264923,4,400,673.205,1760555221223,0,0,0,0
1760555264923,5,400,326.795,1760555221223,0,0,0,0
1760555265023,2,500,500,1760555221223,0,0,0,0
1760555265023,3,700,500,1760555221223,0,0,0,0
1760555265023,4,400,673.205,1760555221223,0,0,0,0
1760555265023,5,400,326.795,1760555221223,0,0,0,0
1760555265123,2,500,500,1760555221223,0,0,0,0
1760555265123,3,700,500,1760555221223,0,0,0,0
1760555265123,4,400,673.205,1760555221223,0,0,0,0
1760555265123,5,400,326.795,1760555221223,0,0,0,0
1760555265223,2,500,500,1760555221223,0,0,0,0
1760555265223,3,700,500,1760555221223,0,0,0,0
1760555265223,4,400,673.205,1760555221223,0,0,0,0
1760555265223,5,400,326.795,1760555221223,0,0,0,0
1760555265323,2,500,500,1760555221223,0,0,0,0
1760555265323,3,700,500,1760555221223,0,0,0,0
1760555265323,4,400,673.205,1760555221223,0,0,0,0
1760555265323,5,400,326.795,1760555221223,0,0,0,0
1760555265423,2,500,500,1760555221223,0,0,0,0
1760555265423,3,700,500,1760555221223,0,0,0,0
1760555265423,4,400,673.205,1760555221223,0,0,0,0
1760555265423,5,400,326.795,1760555221223,0,0,0,0
1760555265523,2,500,500,1760555221223,0,0,0,0
1760555265523,3,700,500,1760555221223,0,0,0,0
1760555265523,4,400,673.205,1760555221223,0,0,0,0
1760555265523,5,400,326.795,1760555221223,0,0,0,0
1760555265623,2,500,500,1760555221223,0,0,0,0
1760555265623,3,700,500,1760555221223,0,0,0,0
1760555265623,4,400,673.205,1760555221223,0,0,0,0
1760555265623,5,400,326.795,1760555221223,0,0,0,0
1760555265723,2,500,500,1760555221223,0,0,0,0
1760555265723,3,700,500,1760555221223,0,0,0,0
1760555265723,4,400,673.205,1760555221223,0,0,0,0
1760555265723,5,400,326.795,1760555221223,0,0,0,0
1760555265823,2,500,500,1760555221223,0,0,0,0
1760555265823,3,700,500,1760555221223,0,0,0,0
1760555265823,4,400,673.205,1760555221223,0,0,0,0
1760555265823,5,400,326.795,1760555221223,0,0,0,0
1760555265923,2,500,500,1760555221223,0,0,0,0
1760555265923,3,700,500,1760555221223,0,0,0,0
1760555265923,4,400,673.205,1760555221223,0,0,0,0
1760555265923,5,400,326.795,1760555221223,0,0,0,0
1760555266023,2,500,500,1760555221223,0,0,0,0
1760555266023,3,700,500,1760555221223,0,0,0,0
1760555266023,4,400,673.205,1760555221223,0,0,0,0
1760555266023,5,400,326.795,1760555221223,0,0,0,0
1760555266123,2,500,500,1760555221223,0,0,0,0
1760555266123,3,700,500,1760555221223,0,0,0,0
1760555266123,4,400,673.205,1760555221223,0,0,0,0
1760555266123,5,400,326.795,1760555221223,0,0,0,0
1760555266223,2,500,500,1760555221223,0,0,0,0
1760555266223,3,700,500,1760555221223,0,0,0,0
1760555266223,4,400,673.205,1760555221223,0,0,0,0
1760555266223,5,400,326.795,1760555221223,0,0,0,0
1760555266323,2,500,500,1760555221223,0,0,0,0
1760555266323,3,700,500,1760555221223,0,0,0,0
1760555266323,4,400,673.205,1760555221223,0,0,0,0
1760555266323,5,400,326.795,1760555221223,0,0,0,0
1760555266423,2,500,500,1760555221223,0,0,0,0
1760555266423,3,700,500,1760555221223,0,0,0,0
1760555266423,4,400,673.205,1760555221223,0,0,0,0
1760555266423,5,400,326.795,1760555221223,0,0,0,0
1760555266523,2,500,500,1760555221223,0,0,0,0
1760555266523,3,700,500,1760555221223,0,0,0,0
1760555266523,4,400,673.205,1760555221223,0,0,0,0
1760555266523,5,400,326.795,1760555221223,0,0,0,0
1760555266623,2,500,500,1760555221223,0,0,0,0
1760555266623,3,700,500,1760555221223,0,0,0,0
1760555266623,4,400,673.205,1760555221223,0,0,0,0
1760555266623,5,400,326.795,1760555221223,0,0,0,0
1760555266723,2,500,500,1760555221223,0,0,0,0
1760555266723,3,700,500,1760555221223,0,0,0,0
1760555266723,4,400,673.205,1760555221223,0,0,0,0
1760555266723,5,400,326.795,1760555221223,0,0,0,0
1760555266823,2,500,500,1760555221223,0,0,0,0
1760555266823,3,700,500,1760555221223,0,0,0,0
1760555266823,4,400,673.205,1760555221223,0,0,0,0
1760555266823,5,400,326.795,1760555221223,0,0,0,0
1760555266923,2,500,500,1760555221223,0,0,0,0
1760555266923,3,700,500,1760555221223,0,0,0,0
1760555266923,4,400,673.205,1760555221223,0,0,0,0
1760555266923,5,400,326.795,1760555221223,0,0,0,0
1760555267023,2,500,500,1760555221223,0,0,0,0
1760555267023,3,700,500,1760555221223,0,0,0,0
1760555267023,4,400,673.205,1760555221223,0,0,0,0
1760555267023,5,400,326.795,1760555221223,0,0,0,0
1760555267123,2,500,500,1760555221223,0,0,0,0
1760555267123,3,700,500,1760555221223,0,0,0,0
1760555267123,4,400,673.205,1760555221223,0,0,0,0
1760555267123,5,400,326.795,1760555221223,0,0,0,0
1760555267223,2,500,500,1760555221223,0,0,0,0
1760555267223,3,700,500,1760555221223,0,0,0,0
1760555267223,4,400,673.205,1760555221223,0,0,0,0
1760555267223,5,400,326.795,1760555221223,0,0,0,0
1760555267323,2,500,500,1760555221223,0,0,0,0
1760555267323,3,700,500,1760555221223,0,0,0,0
1760555267323,4,400,673.205,1760555221223,0,0,0,0
1760555267323,5,400,326.795,1760555221223,0,0,0,0
1760555267423,2,500,500,1760555221223,0,0,0,0
1760555267423,3,700,500,1760555221223,0,0,0,0
1760555267423,4,400,673.205,1760555221223,0,0,0,0
1760555267423,5,400,326.795,1760555221223,0,0,0,0
1760555267523,2,500,500,1760555221223,0,0,0,0
1760555267523,3,700,500,1760555221223,0,0,0,0
1760555267523,4,400,673.205,1760555221223,0,0,0,0
1760555267523,5,400,326.795,1760555221223,0,0,0,0
1760555267623,2,500,500,1760555221223,0,0,0,0
1760555267623,3,700,500,1760555221223,0,0,0,0
1760555267623,4,400,673.205,1760555221223,0,0,0,0
1760555267623,5,400,326.795,1760555221223,0,0,0,0
1760555267723,2,500,500,1760555221223,0,0,0,0
1760555267723,3,700,500,1760555221223,0,0,0,0
1760555267723,4,400,673.205,1760555221223,0,0,0,0
1760555267723,5,400,326.795,1760555221223,0,0,0,0
1760555267823,2,500,500,1760555221223,0,0,0,0
1760555267823,3,700,500,1760555221223,0,0,0,0
1760555267823,4,400,673.205,1760555221223,0,0,0,0
1760555267823,5,400,326.795,1760555221223,0,0,0,0
1760555267923,2,500,500,1760555221223,0,0,0,0
1760555267923,3,700,500,1760555221223,0,0,0,0
1760555267923,4,400,673.205,1760555221223,0,0,0,0
1760555267923,5,400,326.795,1760555221223,0,0,0,0
1760555268023,2,500,500,1760555221223,0,0,0,0
1760555268023,3,700,500,1760555221223,0,0,0,0
1760555268023,4,400,673.205,1760555221223,0,0,0,0
1760555268023,5,400,326.795,1760555221223,0,0,0,0
1760555268123,2,500,500,1760555221223,0,0,0,0
1760555268123,3,700,500,1760555221223,0,0,0,0
1760555268123,4,400,673.205,1760555221223,0,0,0,0
1760555268123,5,400,326.795,1760555221223,0,0,0,0
1760555268223,2,500,500,1760555221223,0,0,0,0
1760555268223,3,700,500,1760555221223,0,0,0,0
1760555268223,4,400,673.205,1760555221223,0,0,0,0
1760555268223,5,400,326.795,1760555221223,0,0,0,0
1760555268323,2,500,500,1760555221223,0,0,0,0
1760555268323,3,700,500,1760555221223,0,0,0,0
1760555268323,4,400,673.205,1760555221223,0,0,0,0
1760555268323,5,400,326.795,1760555221223,0,0,0,0
1760555268423,2,500,500,1760555221223,0,0,0,0
1760555268423,3,700,500,1760555221223,0,0,0,0
1760555268423,4,400,673.205,1760555221223,0,0,0,0
1760555268423,5,400,326.795,1760555221223,0,0,0,0
1760555268523,2,500,500,1760555221223,0,0,0,0
1760555268523,3,700,500,1760555221223,0,0,0,0
1760555268523,4,400,673.205,1760555221223,0,0,0,0
1760555268523,5,400,326.795,1760555221223,0,0,0,0
1760555268623,2,500,500,1760555221223,0,0,0,0
1760555268623,3,700,500,1760555221223,0,0,0,0
1760555268623,4,400,673.205,1760555221223,0,0,0,0
1760555268623,5,400,326.795,1760555221223,0,0,0,0
1760555268723,2,500,500,1760555221223,0,0,0,0
1760555268723,3,700,500,1760555221223,0,0,0,0
1760555268723,4,400,673.205,1760555221223,0,0,0,0
1760555268723,5,400,326.795,1760555221223,0,0,0,0
1760555268823,2,500,500,1760555221223,0,0,0,0
1760555268823,3,700,500,1760555221223,0,0,0,0
1760555268823,4,400,673.205,1760555221223,0,0,0,0
1760555268823,5,400,326.795,1760555221223,0,0,0,0
1760555268923,2,500,500,1760555221223,0,0,0,0
1760555268923,3,700,500,1760555221223,0,0,0,0
1760555268923,4,400,673.205,1760555221223,0,0,0,0
1760555268923,5,400,326.795,1760555221223,0,0,0,0
1760555269023,2,500,500,1760555221223,0,0,0,0
1760555269023,3,700,500,1760555221223,0,0,0,0
1760555269023,4,400,673.205,1760555221223,0,0,0,0
1760555269023,5,400,326.795,1760555221223,0,0,0,0
1760555269123,2,500,500,1760555221223,0,0,0,0
1760555269123,3,700,500,1760555221223,0,0,0,0
1760555269123,4,400,673.205,1760555221223,0,0,0,0
1760555269123,5,400,326.795,1760555221223,0,0,0,0
1760555269223,2,500,500,1760555221223,0,0,0,0
1760555269223,3,700,500,1760555221223,0,0,0,0
1760555269223,4,400,673.205,1760555221223,0,0,0,0
1760555269223,5,400,326.795,1760555221223,0,0,0,0
1760555269323,2,500,500,1760555221223,0,0,0,0
1760555269323,3,700,500,1760555221223,0,0,0,0
1760555269323,4,400,673.205,1760555221223,0,0,0,0
1760555269323,5,400,326.795,1760555221223,0,0,0,0
1760555269423,2,500,500,1760555221223,0,0,0,0
1760555269423,3,700,500,1760555221223,0,0,0,0
1760555269423,4,400,673.205,1760555221223,0,0,0,0
1760555269423,5,400,326.795,1760555221223,0,0,0,0
1760555269523,2,500,500,1760555221223,0,0,0,0
1760555269523,3,700,500,1760555221223,0,0,0,0
1760555269523,4,400,673.205,1760555221223,0,0,0,0
1760555269523,5,400,326.795,1760555221223,0,0,0,0
1760555269623,2,500,500,1760555221223,0,0,0,0
1760555269623,3,700,500,1760555221223,0,0,0,0
1760555269623,4,400,673.205,1760555221223,0,0,0,0
1760555269623,5,400,326.795,1760555221223,0,0,0,0
1760555269723,2,500,500,1760555221223,0,0,0,0
1760555269723,3,700,500,1760555221223,0,0,0,0
1760555269723,4,400,673.205,1760555221223,0,0,0,0
1760555269723,5,400,326.795,1760555221223,0,0,0,0
1760555269823,2,500,500,1760555221223,0,0,0,0
1760555269823,3,700,500,1760555221223,0,0,0,0
1760555269823,4,400,673.205,1760555221223,0,0,0,0
1760555269823,5,400,326.795,1760555221223,0,0,0,0
1760555269923,2,500,500,1760555221223,0,0,0,0
1760555269923,3,700,500,1760555221223,0,0,0,0
1760555269923,4,400,673.205,1760555221223,0,0,0,0
1760555269923,5,400,326.795,1760555221223,0,0,0,0
1760555270023,2,500,500,1760555221223,0,0,0,0
1760555270023,3,700,500,1760555221223,0,0,0,0
1760555270023,4,400,673.205,1760555221223,0,0,0,0
1760555270023,5,400,326.795,1760555221223,0,0,0,0
1760555270123,2,500,500,1760555221223,0,0,0,0
1760555270123,3,700,500,1760555221223,0,0,0,0
1760555270123,4,400,673.205,1760555221223,0,0,0,0
1760555270123,5,400,326.795,1760555221223,0,0,0,0
1760555270223,2,500,500,1760555221223,0,0,0,0
1760555270223,3,700,500,1760555221223,0,0,0,0
1760555270223,4,400,673.205,1760555221223,0,0,0,0
1760555270223,5,400,326.795,1760555221223,0,0,0,0
1760555270323,2,500,500,1760555221223,0,0,0,0
1760555270323,3,700,500,1760555221223,0,0,0,0
1760555270323,4,400,673.205,1760555221223,0,0,0,0
1760555270323,5,400,326.795,1760555221223,0,0,0,0
1760555270423,2,500,500,1760555221223,0,0,0,0
1760555270423,3,700,500,1760555221223,0,0,0,0
1760555270423,4,400,673.205,1760555221223,0,0,0,0
1760555270423,5,400,326.795,1760555221223,0,0,0,0
1760555270523,2,500,500,1760555221223,0,0,0,0
1760555270523,3,700,500,1760555221223,0,0,0,0
1760555270523,4,400,673.205,1760555221223,0,0,0,0
1760555270523,5,400,326.795,1760555221223,0,0,0,0
1760555270623,2,500,500,1760555221223,0,0,0,0
1760555270623,3,700,500,1760555221223,0,0,0,0
1760555270623,4,400,673.205,1760555221223,0,0,0,0
1760555270623,5,400,326.795,1760555221223,0,0,0,0
1760555270723,2,500,500,1760555221223,0,0,0,0
1760555270723,3,700,500,1760555221223,0,0,0,0
1760555270723,4,400,673.205,1760555221223,0,0,0,0
1760555270723,5,400,326.795,1760555221223,0,0,0,0
1760555270823,2,500,500,1760555221223,0,0,0,0
1760555270823,3,700,500,1760555221223,0,0,0,0
1760555270823,4,400,673.205,1760555221223,0,0,0,0
1760555270823,5,400,326.795,1760555221223,0,0,0,0
1760555270923,2,500,500,1760555221223,0,0,0,0
1760555270923,3,700,500,1760555221223,0,0,0,0
1760555270923,4,400,673.205,1760555221223,0,0,0,0
1760555270923,5,400,326.795,1760555221223,0,0,0,0
1760555271023,2,500,500,1760555221223,0,0,0,0
1760555271023,3,700,500,1760555221223,0,0,0,0
1760555271023,4,400,673.205,1760555221223,0,0,0,0
1760555271023,5,400,326.795,1760555221223,0,0,0,0
1760555271123,2,500,500,1760555221223,0,0,0,0
1760555271123,3,700,500,1760555221223,0,0,0,0
1760555271123,4,400,673.205,1760555221223,0,0,0,0
1760555271123,5,400,326.795,1760555221223,0,0,0,0
1760555271223,2,500,500,1760555221223,0,0,0,0
1760555271223,3,700,500,1760555221223,0,0,0,0
1760555271223,4,400,673.205,1760555221223,0,0,0,0
1760555271223,5,400,326.795,1760555221223,0,0,0,0
1760555271323,2,500,500,1760555221223,0,0,0,0
1760555271323,3,700,500,1760555221223,0,0,0,0
1760555271323,4,400,673.205,1760555221223,0,0,0,0
1760555271323,5,400,326.795,1760555221223,0,0,0,0
1760555271423,2,500,500,1760555221223,0,0,0,0
1760555271423,3,700,500,1760555221223,0,0,0,0
1760555271423,4,400,673.205,1760555221223,0,0,0,0
1760555271423,5,400,326.795,1760555221223,0,0,0,0
1760555271523,2,500,500,1760555221223,0,0,0,0
1760555271523,3,700,500,1760555221223,0,0,0,0
1760555271523,4,400,673.205,1760555221223,0,0,0,0
1760555271523,5,400,326.795,1760555221223,0,0,0,0
1760555271623,2,500,500,1760555221223,0,0,0,0
1760555271623,3,700,500,1760555221223,0,0,0,0
1760555271623,4,400,673.205,1760555221223,0,0,0,0
1760555271623,5,400,326.795,1760555221223,0,0,0,0
1760555271723,2,500,500,1760555221223,0,0,0,0
1760555271723,3,700,500,1760555221223,0,0,0,0
1760555271723,4,400,673.205,1760555221223,0,0,0,0
1760555271723,5,400,326.795,1760555221223,0,0,0,0
1760555271823,2,500,500,1760555221223,0,0,0,0
1760555271823,3,700,500,1760555221223,0,0,0,0
1760555271823,4,400,673.205,1760555221223,0,0,0,0
1760555271823,5,400,326.795,1760555221223,0,0,0,0
1760555271923,2,500,500,1760555221223,0,0,0,0
1760555271923,3,700,500,1760555221223,0,0,0,0
1760555271923,4,400,673.205,1760555221223,0,0,0,0
1760555271923,5,400,326.795,1760555221223,0,0,0,0
1760555272023,2,500,500,1760555221223,0,0,0,0
1760555272023,3,700,500,1760555221223,0,0,0,0
1760555272023,4,400,673.205,1760555221223,0,0,0,0
1760555272023,5,400,326.795,1760555221223,0,0,0,0
1760555272123,2,500,500,1760555221223,0,0,0,0
1760555272123,3,700,500,1760555221223,0,0,0,0
1760555272123,4,400,673.205,1760555221223,0,0,0,0
1760555272123,5,400,326.795,1760555221223,0,0,0,0
