timestamp,id,x,y,simid,ESstate,currEC,maxEC,totalcurrEC
1760464521122,0,1000,1000
1760464521122,2,500,500,1760464521122,0,0,0,0
1760464521122,3,700,500,1760464521122,0,0,0,0
1760464521122,4,400,673.205,1760464521122,0,0,0,0
1760464521122,5,400,326.795,1760464521122,0,0,0,0
1760464521222,2,500,500,1760464521122,0,0,0,0
1760464521222,3,700,500,1760464521122,0,0,0,0
1760464521222,4,400,673.205,1760464521122,0,0,0,0
1760464521222,5,400,326.795,1760464521122,0,0,0,0
1760464521322,2,500,500,1760464521122,0,0,0,0
1760464521322,3,700,500,1760464521122,0,0,0,0
1760464521322,4,400,673.205,1760464521122,0,0,0,0
1760464521322,5,400,326.795,1760464521122,0,0,0,0
1760464521422,2,500,500,1760464521122,0,0,0,0
1760464521422,3,700,500,1760464521122,0,0,0,0
1760464521422,4,400,673.205,1760464521122,0,0,0,0
1760464521422,5,400,326.795,1760464521122,0,0,0,0
1760464521522,2,500,500,1760464521122,0,0,0,0
1760464521522,3,700,500,1760464521122,0,0,0,0
1760464521522,4,400,673.205,1760464521122,0,0,0,0
1760464521522,5,400,326.795,1760464521122,0,0,0,0
1760464521622,2,500,500,1760464521122,0,0,0,0
1760464521622,3,700,500,1760464521122,0,0,0,0
1760464521622,4,400,673.205,1760464521122,0,0,0,0
1760464521622,5,400,326.795,1760464521122,0,0,0,0
1760464521722,2,500,500,1760464521122,0,0,0,0
1760464521722,3,700,500,1760464521122,0,0,0,0
1760464521722,4,400,673.205,1760464521122,0,0,0,0
1760464521722,5,400,326.795,1760464521122,0,0,0,0
1760464521822,2,500,500,1760464521122,0,0,0,0
1760464521822,3,700,500,1760464521122,0,0,0,0
1760464521822,4,400,673.205,1760464521122,0,0,0,0
1760464521822,5,400,326.795,1760464521122,0,0,0,0
1760464521922,2,500,500,1760464521122,0,0,0,0
1760464521922,3,700,500,1760464521122,0,0,0,0
1760464521922,4,400,673.205,1760464521122,0,0,0,0
1760464521922,5,400,326.795,1760464521122,0,0,0,0
1760464522022,2,500,500,1760464521122,0,0,0,0
1760464522022,3,700,500,1760464521122,0,0,0,0
1760464522022,4,400,673.205,1760464521122,0,0,0,0
1760464522022,5,400,326.795,1760464521122,0,0,0,0
1760464522122,2,500,500,1760464521122,0,0,0,0
1760464522122,3,700,500,1760464521122,0,0,0,0
1760464522122,4,400,673.205,1760464521122,0,0,0,0
1760464522122,5,400,326.795,1760464521122,0,0,0,0
1760464522222,2,500,500,1760464521122,0,0,0,0
1760464522222,3,700,500,1760464521122,0,0,0,0
1760464522222,4,400,673.205,1760464521122,0,0,0,0
1760464522222,5,400,326.795,1760464521122,0,0,0,0
1760464522322,2,500,500,1760464521122,0,0,0,0
1760464522322,3,700,500,1760464521122,0,0,0,0
1760464522322,4,400,673.205,1760464521122,0,0,0,0
1760464522322,5,400,326.795,1760464521122,0,0,0,0
1760464522422,2,500,500,1760464521122,0,0,0,0
1760464522422,3,700,500,1760464521122,0,0,0,0
1760464522422,4,400,673.205,1760464521122,0,0,0,0
1760464522422,5,400,326.795,1760464521122,0,0,0,0
1760464522522,2,500,500,1760464521122,0,0,0,0
1760464522522,3,700,500,1760464521122,0,0,0,0
1760464522522,4,400,673.205,1760464521122,0,0,0,0
1760464522522,5,400,326.795,1760464521122,0,0,0,0
1760464522622,2,500,500,1760464521122,0,0,0,0
1760464522622,3,700,500,1760464521122,0,0,0,0
1760464522622,4,400,673.205,1760464521122,0,0,0,0
1760464522622,5,400,326.795,1760464521122,0,0,0,0
1760464522722,2,500,500,1760464521122,0,0,0,0
1760464522722,3,700,500,1760464521122,0,0,0,0
1760464522722,4,400,673.205,1760464521122,0,0,0,0
1760464522722,5,400,326.795,1760464521122,0,0,0,0
1760464522822,2,500,500,1760464521122,0,0,0,0
1760464522822,3,700,500,1760464521122,0,0,0,0
1760464522822,4,400,673.205,1760464521122,0,0,0,0
1760464522822,5,400,326.795,1760464521122,0,0,0,0
1760464522922,2,500,500,1760464521122,0,0,0,0
1760464522922,3,700,500,1760464521122,0,0,0,0
1760464522922,4,400,673.205,1760464521122,0,0,0,0
1760464522922,5,400,326.795,1760464521122,0,0,0,0
1760464523022,2,500,500,1760464521122,0,0,0,0
1760464523022,3,700,500,1760464521122,0,0,0,0
1760464523022,4,400,673.205,1760464521122,0,0,0,0
1760464523022,5,400,326.795,1760464521122,0,0,0,0
1760464523122,2,500,500,1760464521122,0,0,0,0
1760464523122,3,700,500,1760464521122,0,0,0,0
1760464523122,4,400,673.205,1760464521122,0,0,0,0
1760464523122,5,400,326.795,1760464521122,0,0,0,0
1760464523222,2,500,500,1760464521122,0,0,0,0
1760464523222,3,700,500,1760464521122,0,0,0,0
1760464523222,4,400,673.205,1760464521122,0,0,0,0
1760464523222,5,400,326.795,1760464521122,0,0,0,0
1760464523322,2,500,500,1760464521122,0,0,0,0
1760464523322,3,700,500,1760464521122,0,0,0,0
1760464523322,4,400,673.205,1760464521122,0,0,0,0
1760464523322,5,400,326.795,1760464521122,0,0,0,0
1760464523422,2,500,500,1760464521122,0,0,0,0
1760464523422,3,700,500,1760464521122,0,0,0,0
1760464523422,4,400,673.205,1760464521122,0,0,0,0
1760464523422,5,400,326.795,1760464521122,0,0,0,0
1760464523522,2,500,500,1760464521122,0,0,0,0
1760464523522,3,700,500,1760464521122,0,0,0,0
1760464523522,4,400,673.205,1760464521122,0,0,0,0
1760464523522,5,400,326.795,1760464521122,0,0,0,0
1760464523622,2,500,500,1760464521122,0,0,0,0
1760464523622,3,700,500,1760464521122,0,0,0,0
1760464523622,4,400,673.205,1760464521122,0,0,0,0
1760464523622,5,400,326.795,1760464521122,0,0,0,0
1760464523722,2,500,500,1760464521122,0,0,0,0
1760464523722,3,700,500,1760464521122,0,0,0,0
1760464523722,4,400,673.205,1760464521122,0,0,0,0
1760464523722,5,400,326.795,1760464521122,0,0,0,0
1760464523822,2,500,500,1760464521122,0,0,0,0
1760464523822,3,700,500,1760464521122,0,0,0,0
1760464523822,4,400,673.205,1760464521122,0,0,0,0
1760464523822,5,400,326.795,1760464521122,0,0,0,0
1760464523922,2,500,500,1760464521122,0,0,0,0
1760464523922,3,700,500,1760464521122,0,0,0,0
1760464523922,4,400,673.205,1760464521122,0,0,0,0
1760464523922,5,400,326.795,1760464521122,0,0,0,0
1760464524022,2,500,500,1760464521122,0,0,0,0
1760464524022,3,700,500,1760464521122,0,0,0,0
1760464524022,4,400,673.205,1760464521122,0,0,0,0
1760464524022,5,400,326.795,1760464521122,0,0,0,0
1760464524122,2,500,500,1760464521122,0,0,0,0
1760464524122,3,700,500,1760464521122,0,0,0,0
1760464524122,4,400,673.205,1760464521122,0,0,0,0
1760464524122,5,400,326.795,1760464521122,0,0,0,0
1760464524222,2,500,500,1760464521122,0,0,0,0
1760464524222,3,700,500,1760464521122,0,0,0,0
1760464524222,4,400,673.205,1760464521122,0,0,0,0
1760464524222,5,400,326.795,1760464521122,0,0,0,0
1760464524322,2,500,500,1760464521122,0,0,0,0
1760464524322,3,700,500,1760464521122,0,0,0,0
1760464524322,4,400,673.205,1760464521122,0,0,0,0
1760464524322,5,400,326.795,1760464521122,0,0,0,0
1760464524422,2,500,500,1760464521122,0,0,0,0
1760464524422,3,700,500,1760464521122,0,0,0,0
1760464524422,4,400,673.205,1760464521122,0,0,0,0
1760464524422,5,400,326.795,1760464521122,0,0,0,0
1760464524522,2,500,500,1760464521122,0,0,0,0
1760464524522,3,700,500,1760464521122,0,0,0,0
1760464524522,4,400,673.205,1760464521122,0,0,0,0
1760464524522,5,400,326.795,1760464521122,0,0,0,0
1760464524622,2,500,500,1760464521122,0,0,0,0
1760464524622,3,700,500,1760464521122,0,0,0,0
1760464524622,4,400,673.205,1760464521122,0,0,0,0
1760464524622,5,400,326.795,1760464521122,0,0,0,0
1760464524722,2,500,500,1760464521122,0,0,0,0
1760464524722,3,700,500,1760464521122,0,0,0,0
1760464524722,4,400,673.205,1760464521122,0,0,0,0
1760464524722,5,400,326.795,1760464521122,0,0,0,0
1760464524822,2,500,500,1760464521122,0,0,0,0
1760464524822,3,700,500,1760464521122,0,0,0,0
1760464524822,4,400,673.205,1760464521122,0,0,0,0
1760464524822,5,400,326.795,1760464521122,0,0,0,0
1760464524922,2,500,500,1760464521122,0,0,0,0
1760464524922,3,700,500,1760464521122,0,0,0,0
1760464524922,4,400,673.205,1760464521122,0,0,0,0
1760464524922,5,400,326.795,1760464521122,0,0,0,0
1760464525022,2,500,500,1760464521122,0,0,0,0
1760464525022,3,700,500,1760464521122,0,0,0,0
1760464525022,4,400,673.205,1760464521122,0,0,0,0
1760464525022,5,400,326.795,1760464521122,0,0,0,0
1760464525122,2,500,500,1760464521122,0,0,0,0
1760464525122,3,700,500,1760464521122,0,0,0,0
1760464525122,4,400,673.205,1760464521122,0,0,0,0
1760464525122,5,400,326.795,1760464521122,0,0,0,0
1760464525222,2,500,500,1760464521122,0,0,0,0
1760464525222,3,700,500,1760464521122,0,0,0,0
1760464525222,4,400,673.205,1760464521122,0,0,0,0
1760464525222,5,400,326.795,1760464521122,0,0,0,0
1760464525322,2,500,500,1760464521122,0,0,0,0
1760464525322,3,700,500,1760464521122,0,0,0,0
1760464525322,4,400,673.205,1760464521122,0,0,0,0
1760464525322,5,400,326.795,1760464521122,0,0,0,0
1760464525422,2,500,500,1760464521122,0,0,0,0
1760464525422,3,700,500,1760464521122,0,0,0,0
1760464525422,4,400,673.205,1760464521122,0,0,0,0
1760464525422,5,400,326.795,1760464521122,0,0,0,0
1760464525522,2,500,500,1760464521122,0,0,0,0
1760464525522,3,700,500,1760464521122,0,0,0,0
1760464525522,4,400,673.205,1760464521122,0,0,0,0
1760464525522,5,400,326.795,1760464521122,0,0,0,0
1760464525622,2,500,500,1760464521122,0,0,0,0
1760464525622,3,700,500,1760464521122,0,0,0,0
1760464525622,4,400,673.205,1760464521122,0,0,0,0
1760464525622,5,400,326.795,1760464521122,0,0,0,0
1760464525722,2,500,500,1760464521122,0,0,0,0
1760464525722,3,700,500,1760464521122,0,0,0,0
1760464525722,4,400,673.205,1760464521122,0,0,0,0
1760464525722,5,400,326.795,1760464521122,0,0,0,0
1760464525822,2,500,500,1760464521122,0,0,0,0
1760464525822,3,700,500,1760464521122,0,0,0,0
1760464525822,4,400,673.205,1760464521122,0,0,0,0
1760464525822,5,400,326.795,1760464521122,0,0,0,0
1760464525922,2,500,500,1760464521122,0,0,0,0
1760464525922,3,700,500,1760464521122,0,0,0,0
1760464525922,4,400,673.205,1760464521122,0,0,0,0
1760464525922,5,400,326.795,1760464521122,0,0,0,0
1760464526022,2,500,500,1760464521122,0,0,0,0
1760464526022,3,700,500,1760464521122,0,0,0,0
1760464526022,4,400,673.205,1760464521122,0,0,0,0
1760464526022,5,400,326.795,1760464521122,0,0,0,0
1760464526122,2,500,500,1760464521122,0,0,0,0
1760464526122,3,700,500,1760464521122,0,0,0,0
1760464526122,4,400,673.205,1760464521122,0,0,0,0
1760464526122,5,400,326.795,1760464521122,0,0,0,0
1760464526222,2,500,500,1760464521122,0,0,0,0
1760464526222,3,700,500,1760464521122,0,0,0,0
1760464526222,4,400,673.205,1760464521122,0,0,0,0
1760464526222,5,400,326.795,1760464521122,0,0,0,0
1760464526322,2,500,500,1760464521122,0,0,0,0
1760464526322,3,700,500,1760464521122,0,0,0,0
1760464526322,4,400,673.205,1760464521122,0,0,0,0
1760464526322,5,400,326.795,1760464521122,0,0,0,0
1760464526422,2,500,500,1760464521122,0,0,0,0
1760464526422,3,700,500,1760464521122,0,0,0,0
1760464526422,4,400,673.205,1760464521122,0,0,0,0
1760464526422,5,400,326.795,1760464521122,0,0,0,0
1760464526522,2,500,500,1760464521122,0,0,0,0
1760464526522,3,700,500,1760464521122,0,0,0,0
1760464526522,4,400,673.205,1760464521122,0,0,0,0
1760464526522,5,400,326.795,1760464521122,0,0,0,0
1760464526622,2,500,500,1760464521122,0,0,0,0
1760464526622,3,700,500,1760464521122,0,0,0,0
1760464526622,4,400,673.205,1760464521122,0,0,0,0
1760464526622,5,400,326.795,1760464521122,0,0,0,0
1760464526722,2,500,500,1760464521122,0,0,0,0
1760464526722,3,700,500,1760464521122,0,0,0,0
1760464526722,4,400,673.205,1760464521122,0,0,0,0
1760464526722,5,400,326.795,1760464521122,0,0,0,0
1760464526822,2,500,500,1760464521122,0,0,0,0
1760464526822,3,700,500,1760464521122,0,0,0,0
1760464526822,4,400,673.205,1760464521122,0,0,0,0
1760464526822,5,400,326.795,1760464521122,0,0,0,0
1760464526922,2,500,500,1760464521122,0,0,0,0
1760464526922,3,700,500,1760464521122,0,0,0,0
1760464526922,4,400,673.205,1760464521122,0,0,0,0
1760464526922,5,400,326.795,1760464521122,0,0,0,0
1760464527022,2,500,500,1760464521122,0,0,0,0
1760464527022,3,700,500,1760464521122,0,0,0,0
1760464527022,4,400,673.205,1760464521122,0,0,0,0
1760464527022,5,400,326.795,1760464521122,0,0,0,0
1760464527122,2,500,500,1760464521122,0,0,0,0
1760464527122,3,700,500,1760464521122,0,0,0,0
1760464527122,4,400,673.205,1760464521122,0,0,0,0
1760464527122,5,400,326.795,1760464521122,0,0,0,0
1760464527222,2,500,500,1760464521122,0,0,0,0
1760464527222,3,700,500,1760464521122,0,0,0,0
1760464527222,4,400,673.205,1760464521122,0,0,0,0
1760464527222,5,400,326.795,1760464521122,0,0,0,0
1760464527322,2,500,500,1760464521122,0,0,0,0
1760464527322,3,700,500,1760464521122,0,0,0,0
1760464527322,4,400,673.205,1760464521122,0,0,0,0
1760464527322,5,400,326.795,1760464521122,0,0,0,0
1760464527422,2,500,500,1760464521122,0,0,0,0
1760464527422,3,700,500,1760464521122,0,0,0,0
1760464527422,4,400,673.205,1760464521122,0,0,0,0
1760464527422,5,400,326.795,1760464521122,0,0,0,0
1760464527522,2,500,500,1760464521122,0,0,0,0
1760464527522,3,700,500,1760464521122,0,0,0,0
1760464527522,4,400,673.205,1760464521122,0,0,0,0
1760464527522,5,400,326.795,1760464521122,0,0,0,0
1760464527622,2,500,500,1760464521122,0,0,0,0
1760464527622,3,700,500,1760464521122,0,0,0,0
1760464527622,4,400,673.205,1760464521122,0,0,0,0
1760464527622,5,400,326.795,1760464521122,0,0,0,0
1760464527722,2,500,500,1760464521122,0,0,0,0
1760464527722,3,700,500,1760464521122,0,0,0,0
1760464527722,4,400,673.205,1760464521122,0,0,0,0
1760464527722,5,400,326.795,1760464521122,0,0,0,0
1760464527822,2,500,500,1760464521122,0,0,0,0
1760464527822,3,700,500,1760464521122,0,0,0,0
1760464527822,4,400,673.205,1760464521122,0,0,0,0
1760464527822,5,400,326.795,1760464521122,0,0,0,0
1760464527922,2,500,500,1760464521122,0,0,0,0
1760464527922,3,700,500,1760464521122,0,0,0,0
1760464527922,4,400,673.205,1760464521122,0,0,0,0
1760464527922,5,400,326.795,1760464521122,0,0,0,0
1760464528022,2,500,500,1760464521122,0,0,0,0
1760464528022,3,700,500,1760464521122,0,0,0,0
1760464528022,4,400,673.205,1760464521122,0,0,0,0
1760464528022,5,400,326.795,1760464521122,0,0,0,0
1760464528122,2,500,500,1760464521122,0,0,0,0
1760464528122,3,700,500,1760464521122,0,0,0,0
1760464528122,4,400,673.205,1760464521122,0,0,0,0
1760464528122,5,400,326.795,1760464521122,0,0,0,0
1760464528222,2,500,500,1760464521122,0,0,0,0
1760464528222,3,700,500,1760464521122,0,0,0,0
1760464528222,4,400,673.205,1760464521122,0,0,0,0
1760464528222,5,400,326.795,1760464521122,0,0,0,0
1760464528322,2,500,500,1760464521122,0,0,0,0
1760464528322,3,700,500,1760464521122,0,0,0,0
1760464528322,4,400,673.205,1760464521122,0,0,0,0
1760464528322,5,400,326.795,1760464521122,0,0,0,0
1760464528422,2,500,500,1760464521122,0,0,0,0
1760464528422,3,700,500,1760464521122,0,0,0,0
1760464528422,4,400,673.205,1760464521122,0,0,0,0
1760464528422,5,400,326.795,1760464521122,0,0,0,0
1760464528522,2,500,500,1760464521122,0,0,0,0
1760464528522,3,700,500,1760464521122,0,0,0,0
1760464528522,4,400,673.205,1760464521122,0,0,0,0
1760464528522,5,400,326.795,1760464521122,0,0,0,0
1760464528622,2,500,500,1760464521122,0,0,0,0
1760464528622,3,700,500,1760464521122,0,0,0,0
1760464528622,4,400,673.205,1760464521122,0,0,0,0
1760464528622,5,400,326.795,1760464521122,0,0,0,0
1760464528722,2,500,500,1760464521122,0,0,0,0
1760464528722,3,700,500,1760464521122,0,0,0,0
1760464528722,4,400,673.205,1760464521122,0,0,0,0
1760464528722,5,400,326.795,1760464521122,0,0,0,0
1760464528822,2,500,500,1760464521122,0,0,0,0
1760464528822,3,700,500,1760464521122,0,0,0,0
1760464528822,4,400,673.205,1760464521122,0,0,0,0
1760464528822,5,400,326.795,1760464521122,0,0,0,0
1760464528922,2,500,500,1760464521122,0,0,0,0
1760464528922,3,700,500,1760464521122,0,0,0,0
1760464528922,4,400,673.205,1760464521122,0,0,0,0
1760464528922,5,400,326.795,1760464521122,0,0,0,0
1760464529022,2,500,500,1760464521122,0,0,0,0
1760464529022,3,700,500,1760464521122,0,0,0,0
1760464529022,4,400,673.205,1760464521122,0,0,0,0
1760464529022,5,400,326.795,1760464521122,0,0,0,0
1760464529122,2,500,500,1760464521122,0,0,0,0
1760464529122,3,700,500,1760464521122,0,0,0,0
1760464529122,4,400,673.205,1760464521122,0,0,0,0
1760464529122,5,400,326.795,1760464521122,0,0,0,0
1760464529222,2,500,500,1760464521122,0,0,0,0
1760464529222,3,700,500,1760464521122,0,0,0,0
1760464529222,4,400,673.205,1760464521122,0,0,0,0
1760464529222,5,400,326.795,1760464521122,0,0,0,0
1760464529322,2,500,500,1760464521122,0,0,0,0
1760464529322,3,700,500,1760464521122,0,0,0,0
1760464529322,4,400,673.205,1760464521122,0,0,0,0
1760464529322,5,400,326.795,1760464521122,0,0,0,0
1760464529422,2,500,500,1760464521122,0,0,0,0
1760464529422,3,700,500,1760464521122,0,0,0,0
1760464529422,4,400,673.205,1760464521122,0,0,0,0
1760464529422,5,400,326.795,1760464521122,0,0,0,0
1760464529522,2,500,500,1760464521122,0,0,0,0
1760464529522,3,700,500,1760464521122,0,0,0,0
1760464529522,4,400,673.205,1760464521122,0,0,0,0
1760464529522,5,400,326.795,1760464521122,0,0,0,0
1760464529622,2,500,500,1760464521122,0,0,0,0
1760464529622,3,700,500,1760464521122,0,0,0,0
1760464529622,4,400,673.205,1760464521122,0,0,0,0
1760464529622,5,400,326.795,1760464521122,0,0,0,0
1760464529722,2,500,500,1760464521122,0,0,0,0
1760464529722,3,700,500,1760464521122,0,0,0,0
1760464529722,4,400,673.205,1760464521122,0,0,0,0
1760464529722,5,400,326.795,1760464521122,0,0,0,0
1760464529822,2,500,500,1760464521122,0,0,0,0
1760464529822,3,700,500,1760464521122,0,0,0,0
1760464529822,4,400,673.205,1760464521122,0,0,0,0
1760464529822,5,400,326.795,1760464521122,0,0,0,0
1760464529922,2,500,500,1760464521122,0,0,0,0
1760464529922,3,700,500,1760464521122,0,0,0,0
1760464529922,4,400,673.205,1760464521122,0,0,0,0
1760464529922,5,400,326.795,1760464521122,0,0,0,0
1760464530022,2,500,500,1760464521122,0,0,0,0
1760464530022,3,700,500,1760464521122,0,0,0,0
1760464530022,4,400,673.205,1760464521122,0,0,0,0
1760464530022,5,400,326.795,1760464521122,0,0,0,0
1760464530122,2,500,500,1760464521122,0,0,0,0
1760464530122,3,700,500,1760464521122,0,0,0,0
1760464530122,4,400,673.205,1760464521122,0,0,0,0
1760464530122,5,400,326.795,1760464521122,0,0,0,0
1760464530222,2,500,500,1760464521122,0,0,0,0
1760464530222,3,700,500,1760464521122,0,0,0,0
1760464530222,4,400,673.205,1760464521122,0,0,0,0
1760464530222,5,400,326.795,1760464521122,0,0,0,0
1760464530322,2,500,500,1760464521122,0,0,0,0
1760464530322,3,700,500,1760464521122,0,0,0,0
1760464530322,4,400,673.205,1760464521122,0,0,0,0
1760464530322,5,400,326.795,1760464521122,0,0,0,0
1760464530422,2,500,500,1760464521122,0,0,0,0
1760464530422,3,700,500,1760464521122,0,0,0,0
1760464530422,4,400,673.205,1760464521122,0,0,0,0
1760464530422,5,400,326.795,1760464521122,0,0,0,0
1760464530522,2,500,500,1760464521122,0,0,0,0
1760464530522,3,700,500,1760464521122,0,0,0,0
1760464530522,4,400,673.205,1760464521122,0,0,0,0
1760464530522,5,400,326.795,1760464521122,0,0,0,0
1760464530622,2,500,500,1760464521122,0,0,0,0
1760464530622,3,700,500,1760464521122,0,0,0,0
1760464530622,4,400,673.205,1760464521122,0,0,0,0
1760464530622,5,400,326.795,1760464521122,0,0,0,0
1760464530722,2,500,500,1760464521122,0,0,0,0
1760464530722,3,700,500,1760464521122,0,0,0,0
1760464530722,4,400,673.205,1760464521122,0,0,0,0
1760464530722,5,400,326.795,1760464521122,0,0,0,0
1760464530822,2,500,500,1760464521122,0,0,0,0
1760464530822,3,700,500,1760464521122,0,0,0,0
1760464530822,4,400,673.205,1760464521122,0,0,0,0
1760464530822,5,400,326.795,1760464521122,0,0,0,0
1760464530922,2,500,500,1760464521122,0,0,0,0
1760464530922,3,700,500,1760464521122,0,0,0,0
1760464530922,4,400,673.205,1760464521122,0,0,0,0
1760464530922,5,400,326.795,1760464521122,0,0,0,0
1760464531022,2,500,500,1760464521122,0,0,0,0
1760464531022,3,700,500,1760464521122,0,0,0,0
1760464531022,4,400,673.205,1760464521122,0,0,0,0
1760464531022,5,400,326.795,1760464521122,0,0,0,0
1760464531122,2,500,500,1760464521122,0,0,0,0
1760464531122,3,700,500,1760464521122,0,0,0,0
1760464531122,4,400,673.205,1760464521122,0,0,0,0
1760464531122,5,400,326.795,1760464521122,0,0,0,0
1760464531222,2,500,500,1760464521122,0,0,0,0
1760464531222,3,700,500,1760464521122,0,0,0,0
1760464531222,4,400,673.205,1760464521122,0,0,0,0
1760464531222,5,400,326.795,1760464521122,0,0,0,0
1760464531322,2,500,500,1760464521122,0,0,0,0
1760464531322,3,700,500,1760464521122,0,0,0,0
1760464531322,4,400,673.205,1760464521122,0,0,0,0
1760464531322,5,400,326.795,1760464521122,0,0,0,0
1760464531422,2,500,500,1760464521122,0,0,0,0
1760464531422,3,700,500,1760464521122,0,0,0,0
1760464531422,4,400,673.205,1760464521122,0,0,0,0
1760464531422,5,400,326.795,1760464521122,0,0,0,0
1760464531522,2,500,500,1760464521122,0,0,0,0
1760464531522,3,700,500,1760464521122,0,0,0,0
1760464531522,4,400,673.205,1760464521122,0,0,0,0
1760464531522,5,400,326.795,1760464521122,0,0,0,0
1760464531622,2,500,500,1760464521122,0,0,0,0
1760464531622,3,700,500,1760464521122,0,0,0,0
1760464531622,4,400,673.205,1760464521122,0,0,0,0
1760464531622,5,400,326.795,1760464521122,0,0,0,0
1760464531722,2,500,500,1760464521122,0,0,0,0
1760464531722,3,700,500,1760464521122,0,0,0,0
1760464531722,4,400,673.205,1760464521122,0,0,0,0
1760464531722,5,400,326.795,1760464521122,0,0,0,0
1760464531822,2,500,500,1760464521122,0,0,0,0
1760464531822,3,700,500,1760464521122,0,0,0,0
1760464531822,4,400,673.205,1760464521122,0,0,0,0
1760464531822,5,400,326.795,1760464521122,0,0,0,0
1760464531922,2,500,500,1760464521122,0,0,0,0
1760464531922,3,700,500,1760464521122,0,0,0,0
1760464531922,4,400,673.205,1760464521122,0,0,0,0
1760464531922,5,400,326.795,1760464521122,0,0,0,0
1760464532022,2,500,500,1760464521122,0,0,0,0
1760464532022,3,700,500,1760464521122,0,0,0,0
1760464532022,4,400,673.205,1760464521122,0,0,0,0
1760464532022,5,400,326.795,1760464521122,0,0,0,0
1760464532122,2,500,500,1760464521122,0,0,0,0
1760464532122,3,700,500,1760464521122,0,0,0,0
1760464532122,4,400,673.205,1760464521122,0,0,0,0
1760464532122,5,400,326.795,1760464521122,0,0,0,0
1760464532222,2,500,500,1760464521122,0,0,0,0
1760464532222,3,700,500,1760464521122,0,0,0,0
1760464532222,4,400,673.205,1760464521122,0,0,0,0
1760464532222,5,400,326.795,1760464521122,0,0,0,0
1760464532322,2,500,500,1760464521122,0,0,0,0
1760464532322,3,700,500,1760464521122,0,0,0,0
1760464532322,4,400,673.205,1760464521122,0,0,0,0
1760464532322,5,400,326.795,1760464521122,0,0,0,0
1760464532422,2,500,500,1760464521122,0,0,0,0
1760464532422,3,700,500,1760464521122,0,0,0,0
1760464532422,4,400,673.205,1760464521122,0,0,0,0
1760464532422,5,400,326.795,1760464521122,0,0,0,0
1760464532522,2,500,500,1760464521122,0,0,0,0
1760464532522,3,700,500,1760464521122,0,0,0,0
1760464532522,4,400,673.205,1760464521122,0,0,0,0
1760464532522,5,400,326.795,1760464521122,0,0,0,0
1760464532622,2,500,500,1760464521122,0,0,0,0
1760464532622,3,700,500,1760464521122,0,0,0,0
1760464532622,4,400,673.205,1760464521122,0,0,0,0
1760464532622,5,400,326.795,1760464521122,0,0,0,0
1760464532722,2,500,500,1760464521122,0,0,0,0
1760464532722,3,700,500,1760464521122,0,0,0,0
1760464532722,4,400,673.205,1760464521122,0,0,0,0
1760464532722,5,400,326.795,1760464521122,0,0,0,0
1760464532822,2,500,500,1760464521122,0,0,0,0
1760464532822,3,700,500,1760464521122,0,0,0,0
1760464532822,4,400,673.205,1760464521122,0,0,0,0
1760464532822,5,400,326.795,1760464521122,0,0,0,0
1760464532922,2,500,500,1760464521122,0,0,0,0
1760464532922,3,700,500,1760464521122,0,0,0,0
1760464532922,4,400,673.205,1760464521122,0,0,0,0
1760464532922,5,400,326.795,1760464521122,0,0,0,0
1760464533022,2,500,500,1760464521122,0,0,0,0
1760464533022,3,700,500,1760464521122,0,0,0,0
1760464533022,4,400,673.205,1760464521122,0,0,0,0
1760464533022,5,400,326.795,1760464521122,0,0,0,0
1760464533122,2,500,500,1760464521122,0,0,0,0
1760464533122,3,700,500,1760464521122,0,0,0,0
1760464533122,4,400,673.205,1760464521122,0,0,0,0
1760464533122,5,400,326.795,1760464521122,0,0,0,0
1760464533222,2,500,500,1760464521122,0,0,0,0
1760464533222,3,700,500,1760464521122,0,0,0,0
1760464533222,4,400,673.205,1760464521122,0,0,0,0
1760464533222,5,400,326.795,1760464521122,0,0,0,0
1760464533322,2,500,500,1760464521122,0,0,0,0
1760464533322,3,700,500,1760464521122,0,0,0,0
1760464533322,4,400,673.205,1760464521122,0,0,0,0
1760464533322,5,400,326.795,1760464521122,0,0,0,0
1760464533422,2,500,500,1760464521122,0,0,0,0
1760464533422,3,700,500,1760464521122,0,0,0,0
1760464533422,4,400,673.205,1760464521122,0,0,0,0
1760464533422,5,400,326.795,1760464521122,0,0,0,0
1760464533522,2,500,500,1760464521122,0,0,0,0
1760464533522,3,700,500,1760464521122,0,0,0,0
1760464533522,4,400,673.205,1760464521122,0,0,0,0
1760464533522,5,400,326.795,1760464521122,0,0,0,0
1760464533622,2,500,500,1760464521122,0,0,0,0
1760464533622,3,700,500,1760464521122,0,0,0,0
1760464533622,4,400,673.205,1760464521122,0,0,0,0
1760464533622,5,400,326.795,1760464521122,0,0,0,0
1760464533722,2,500,500,1760464521122,0,0,0,0
1760464533722,3,700,500,1760464521122,0,0,0,0
1760464533722,4,400,673.205,1760464521122,0,0,0,0
1760464533722,5,400,326.795,1760464521122,0,0,0,0
1760464533822,2,500,500,1760464521122,0,0,0,0
1760464533822,3,700,500,1760464521122,0,0,0,0
1760464533822,4,400,673.205,1760464521122,0,0,0,0
1760464533822,5,400,326.795,1760464521122,0,0,0,0
1760464533922,2,500,500,1760464521122,0,0,0,0
1760464533922,3,700,500,1760464521122,0,0,0,0
1760464533922,4,400,673.205,1760464521122,0,0,0,0
1760464533922,5,400,326.795,1760464521122,0,0,0,0
1760464534022,2,500,500,1760464521122,0,0,0,0
1760464534022,3,700,500,1760464521122,0,0,0,0
1760464534022,4,400,673.205,1760464521122,0,0,0,0
1760464534022,5,400,326.795,1760464521122,0,0,0,0
1760464534122,2,500,500,1760464521122,0,0,0,0
1760464534122,3,700,500,1760464521122,0,0,0,0
1760464534122,4,400,673.205,1760464521122,0,0,0,0
1760464534122,5,400,326.795,1760464521122,0,0,0,0
1760464534222,2,500,500,1760464521122,0,0,0,0
1760464534222,3,700,500,1760464521122,0,0,0,0
1760464534222,4,400,673.205,1760464521122,0,0,0,0
1760464534222,5,400,326.795,1760464521122,0,0,0,0
1760464534322,2,500,500,1760464521122,0,0,0,0
1760464534322,3,700,500,1760464521122,0,0,0,0
1760464534322,4,400,673.205,1760464521122,0,0,0,0
1760464534322,5,400,326.795,1760464521122,0,0,0,0
1760464534422,2,500,500,1760464521122,0,0,0,0
1760464534422,3,700,500,1760464521122,0,0,0,0
1760464534422,4,400,673.205,1760464521122,0,0,0,0
1760464534422,5,400,326.795,1760464521122,0,0,0,0
1760464534522,2,500,500,1760464521122,0,0,0,0
1760464534522,3,700,500,1760464521122,0,0,0,0
1760464534522,4,400,673.205,1760464521122,0,0,0,0
1760464534522,5,400,326.795,1760464521122,0,0,0,0
1760464534622,2,500,500,1760464521122,0,0,0,0
1760464534622,3,700,500,1760464521122,0,0,0,0
1760464534622,4,400,673.205,1760464521122,0,0,0,0
1760464534622,5,400,326.795,1760464521122,0,0,0,0
1760464534722,2,500,500,1760464521122,0,0,0,0
1760464534722,3,700,500,1760464521122,0,0,0,0
1760464534722,4,400,673.205,1760464521122,0,0,0,0
1760464534722,5,400,326.795,1760464521122,0,0,0,0
1760464534822,2,500,500,1760464521122,0,0,0,0
1760464534822,3,700,500,1760464521122,0,0,0,0
1760464534822,4,400,673.205,1760464521122,0,0,0,0
1760464534822,5,400,326.795,1760464521122,0,0,0,0
1760464534922,2,500,500,1760464521122,0,0,0,0
1760464534922,3,700,500,1760464521122,0,0,0,0
1760464534922,4,400,673.205,1760464521122,0,0,0,0
1760464534922,5,400,326.795,1760464521122,0,0,0,0
1760464535022,2,500,500,1760464521122,0,0,0,0
1760464535022,3,700,500,1760464521122,0,0,0,0
1760464535022,4,400,673.205,1760464521122,0,0,0,0
1760464535022,5,400,326.795,1760464521122,0,0,0,0
1760464535122,2,500,500,1760464521122,0,0,0,0
1760464535122,3,700,500,1760464521122,0,0,0,0
1760464535122,4,400,673.205,1760464521122,0,0,0,0
1760464535122,5,400,326.795,1760464521122,0,0,0,0
1760464535222,2,500,500,1760464521122,0,0,0,0
1760464535222,3,700,500,1760464521122,0,0,0,0
1760464535222,4,400,673.205,1760464521122,0,0,0,0
1760464535222,5,400,326.795,1760464521122,0,0,0,0
1760464535322,2,500,500,1760464521122,0,0,0,0
1760464535322,3,700,500,1760464521122,0,0,0,0
1760464535322,4,400,673.205,1760464521122,0,0,0,0
1760464535322,5,400,326.795,1760464521122,0,0,0,0
1760464535422,2,500,500,1760464521122,0,0,0,0
1760464535422,3,700,500,1760464521122,0,0,0,0
1760464535422,4,400,673.205,1760464521122,0,0,0,0
1760464535422,5,400,326.795,1760464521122,0,0,0,0
1760464535522,2,500,500,1760464521122,0,0,0,0
1760464535522,3,700,500,1760464521122,0,0,0,0
1760464535522,4,400,673.205,1760464521122,0,0,0,0
1760464535522,5,400,326.795,1760464521122,0,0,0,0
1760464535622,2,500,500,1760464521122,0,0,0,0
1760464535622,3,700,500,1760464521122,0,0,0,0
1760464535622,4,400,673.205,1760464521122,0,0,0,0
1760464535622,5,400,326.795,1760464521122,0,0,0,0
1760464535722,2,500,500,1760464521122,0,0,0,0
1760464535722,3,700,500,1760464521122,0,0,0,0
1760464535722,4,400,673.205,1760464521122,0,0,0,0
1760464535722,5,400,326.795,1760464521122,0,0,0,0
1760464535822,2,500,500,1760464521122,0,0,0,0
1760464535822,3,700,500,1760464521122,0,0,0,0
1760464535822,4,400,673.205,1760464521122,0,0,0,0
1760464535822,5,400,326.795,1760464521122,0,0,0,0
1760464535922,2,500,500,1760464521122,0,0,0,0
1760464535922,3,700,500,1760464521122,0,0,0,0
1760464535922,4,400,673.205,1760464521122,0,0,0,0
1760464535922,5,400,326.795,1760464521122,0,0,0,0
1760464536022,2,500,500,1760464521122,0,0,0,0
1760464536022,3,700,500,1760464521122,0,0,0,0
1760464536022,4,400,673.205,1760464521122,0,0,0,0
1760464536022,5,400,326.795,1760464521122,0,0,0,0
1760464536122,2,500,500,1760464521122,0,0,0,0
1760464536122,3,700,500,1760464521122,0,0,0,0
1760464536122,4,400,673.205,1760464521122,0,0,0,0
1760464536122,5,400,326.795,1760464521122,0,0,0,0
1760464536222,2,500,500,1760464521122,0,0,0,0
1760464536222,3,700,500,1760464521122,0,0,0,0
1760464536222,4,400,673.205,1760464521122,0,0,0,0
1760464536222,5,400,326.795,1760464521122,0,0,0,0
1760464536322,2,500,500,1760464521122,0,0,0,0
1760464536322,3,700,500,1760464521122,0,0,0,0
1760464536322,4,400,673.205,1760464521122,0,0,0,0
1760464536322,5,400,326.795,1760464521122,0,0,0,0
1760464536422,2,500,500,1760464521122,0,0,0,0
1760464536422,3,700,500,1760464521122,0,0,0,0
1760464536422,4,400,673.205,1760464521122,0,0,0,0
1760464536422,5,400,326.795,1760464521122,0,0,0,0
1760464536522,2,500,500,1760464521122,0,0,0,0
1760464536522,3,700,500,1760464521122,0,0,0,0
1760464536522,4,400,673.205,1760464521122,0,0,0,0
1760464536522,5,400,326.795,1760464521122,0,0,0,0
1760464536622,2,500,500,1760464521122,0,0,0,0
1760464536622,3,700,500,1760464521122,0,0,0,0
1760464536622,4,400,673.205,1760464521122,0,0,0,0
1760464536622,5,400,326.795,1760464521122,0,0,0,0
1760464536722,2,500,500,1760464521122,0,0,0,0
1760464536722,3,700,500,1760464521122,0,0,0,0
1760464536722,4,400,673.205,1760464521122,0,0,0,0
1760464536722,5,400,326.795,1760464521122,0,0,0,0
1760464536822,2,500,500,1760464521122,0,0,0,0
1760464536822,3,700,500,1760464521122,0,0,0,0
1760464536822,4,400,673.205,1760464521122,0,0,0,0
1760464536822,5,400,326.795,1760464521122,0,0,0,0
1760464536922,2,500,500,1760464521122,0,0,0,0
1760464536922,3,700,500,1760464521122,0,0,0,0
1760464536922,4,400,673.205,1760464521122,0,0,0,0
1760464536922,5,400,326.795,1760464521122,0,0,0,0
1760464537022,2,500,500,1760464521122,0,0,0,0
1760464537022,3,700,500,1760464521122,0,0,0,0
1760464537022,4,400,673.205,1760464521122,0,0,0,0
1760464537022,5,400,326.795,1760464521122,0,0,0,0
1760464537122,2,500,500,1760464521122,0,0,0,0
1760464537122,3,700,500,1760464521122,0,0,0,0
1760464537122,4,400,673.205,1760464521122,0,0,0,0
1760464537122,5,400,326.795,1760464521122,0,0,0,0
1760464537222,2,500,500,1760464521122,0,0,0,0
1760464537222,3,700,500,1760464521122,0,0,0,0
1760464537222,4,400,673.205,1760464521122,0,0,0,0
1760464537222,5,400,326.795,1760464521122,0,0,0,0
1760464537322,2,500,500,1760464521122,0,0,0,0
1760464537322,3,700,500,1760464521122,0,0,0,0
1760464537322,4,400,673.205,1760464521122,0,0,0,0
1760464537322,5,400,326.795,1760464521122,0,0,0,0
1760464537422,2,500,500,1760464521122,0,0,0,0
1760464537422,3,700,500,1760464521122,0,0,0,0
1760464537422,4,400,673.205,1760464521122,0,0,0,0
1760464537422,5,400,326.795,1760464521122,0,0,0,0
1760464537522,2,500,500,1760464521122,0,0,0,0
1760464537522,3,700,500,1760464521122,0,0,0,0
1760464537522,4,400,673.205,1760464521122,0,0,0,0
1760464537522,5,400,326.795,1760464521122,0,0,0,0
1760464537622,2,500,500,1760464521122,0,0,0,0
1760464537622,3,700,500,1760464521122,0,0,0,0
1760464537622,4,400,673.205,1760464521122,0,0,0,0
1760464537622,5,400,326.795,1760464521122,0,0,0,0
1760464537722,2,500,500,1760464521122,0,0,0,0
1760464537722,3,700,500,1760464521122,0,0,0,0
1760464537722,4,400,673.205,1760464521122,0,0,0,0
1760464537722,5,400,326.795,1760464521122,0,0,0,0
1760464537822,2,500,500,1760464521122,0,0,0,0
1760464537822,3,700,500,1760464521122,0,0,0,0
1760464537822,4,400,673.205,1760464521122,0,0,0,0
1760464537822,5,400,326.795,1760464521122,0,0,0,0
1760464537922,2,500,500,1760464521122,0,0,0,0
1760464537922,3,700,500,1760464521122,0,0,0,0
1760464537922,4,400,673.205,1760464521122,0,0,0,0
1760464537922,5,400,326.795,1760464521122,0,0,0,0
1760464538022,2,500,500,1760464521122,0,0,0,0
1760464538022,3,700,500,1760464521122,0,0,0,0
1760464538022,4,400,673.205,1760464521122,0,0,0,0
1760464538022,5,400,326.795,1760464521122,0,0,0,0
1760464538122,2,500,500,1760464521122,0,0,0,0
1760464538122,3,700,500,1760464521122,0,0,0,0
1760464538122,4,400,673.205,1760464521122,0,0,0,0
1760464538122,5,400,326.795,1760464521122,0,0,0,0
1760464538222,2,500,500,1760464521122,0,0,0,0
1760464538222,3,700,500,1760464521122,0,0,0,0
1760464538222,4,400,673.205,1760464521122,0,0,0,0
1760464538222,5,400,326.795,1760464521122,0,0,0,0
1760464538322,2,500,500,1760464521122,0,0,0,0
1760464538322,3,700,500,1760464521122,0,0,0,0
1760464538322,4,400,673.205,1760464521122,0,0,0,0
1760464538322,5,400,326.795,1760464521122,0,0,0,0
1760464538422,2,500,500,1760464521122,0,0,0,0
1760464538422,3,700,500,1760464521122,0,0,0,0
1760464538422,4,400,673.205,1760464521122,0,0,0,0
1760464538422,5,400,326.795,1760464521122,0,0,0,0
1760464538522,2,500,500,1760464521122,0,0,0,0
1760464538522,3,700,500,1760464521122,0,0,0,0
1760464538522,4,400,673.205,1760464521122,0,0,0,0
1760464538522,5,400,326.795,1760464521122,0,0,0,0
1760464538622,2,500,500,1760464521122,0,0,0,0
1760464538622,3,700,500,1760464521122,0,0,0,0
1760464538622,4,400,673.205,1760464521122,0,0,0,0
1760464538622,5,400,326.795,1760464521122,0,0,0,0
1760464538722,2,500,500,1760464521122,0,0,0,0
1760464538722,3,700,500,1760464521122,0,0,0,0
1760464538722,4,400,673.205,1760464521122,0,0,0,0
1760464538722,5,400,326.795,1760464521122,0,0,0,0
1760464538822,2,500,500,1760464521122,0,0,0,0
1760464538822,3,700,500,1760464521122,0,0,0,0
1760464538822,4,400,673.205,1760464521122,0,0,0,0
1760464538822,5,400,326.795,1760464521122,0,0,0,0
1760464538922,2,500,500,1760464521122,0,0,0,0
1760464538922,3,700,500,1760464521122,0,0,0,0
1760464538922,4,400,673.205,1760464521122,0,0,0,0
1760464538922,5,400,326.795,1760464521122,0,0,0,0
1760464539022,2,500,500,1760464521122,0,0,0,0
1760464539022,3,700,500,1760464521122,0,0,0,0
1760464539022,4,400,673.205,1760464521122,0,0,0,0
1760464539022,5,400,326.795,1760464521122,0,0,0,0
1760464539122,2,500,500,1760464521122,0,0,0,0
1760464539122,3,700,500,1760464521122,0,0,0,0
1760464539122,4,400,673.205,1760464521122,0,0,0,0
1760464539122,5,400,326.795,1760464521122,0,0,0,0
1760464539222,2,500,500,1760464521122,0,0,0,0
1760464539222,3,700,500,1760464521122,0,0,0,0
1760464539222,4,400,673.205,1760464521122,0,0,0,0
1760464539222,5,400,326.795,1760464521122,0,0,0,0
1760464539322,2,500,500,1760464521122,0,0,0,0
1760464539322,3,700,500,1760464521122,0,0,0,0
1760464539322,4,400,673.205,1760464521122,0,0,0,0
1760464539322,5,400,326.795,1760464521122,0,0,0,0
1760464539422,2,500,500,1760464521122,0,0,0,0
1760464539422,3,700,500,1760464521122,0,0,0,0
1760464539422,4,400,673.205,1760464521122,0,0,0,0
1760464539422,5,400,326.795,1760464521122,0,0,0,0
1760464539522,2,500,500,1760464521122,0,0,0,0
1760464539522,3,700,500,1760464521122,0,0,0,0
1760464539522,4,400,673.205,1760464521122,0,0,0,0
1760464539522,5,400,326.795,1760464521122,0,0,0,0
1760464539622,2,500,500,1760464521122,0,0,0,0
1760464539622,3,700,500,1760464521122,0,0,0,0
1760464539622,4,400,673.205,1760464521122,0,0,0,0
1760464539622,5,400,326.795,1760464521122,0,0,0,0
1760464539722,2,500,500,1760464521122,0,0,0,0
1760464539722,3,700,500,1760464521122,0,0,0,0
1760464539722,4,400,673.205,1760464521122,0,0,0,0
1760464539722,5,400,326.795,1760464521122,0,0,0,0
1760464539822,2,500,500,1760464521122,0,0,0,0
1760464539822,3,700,500,1760464521122,0,0,0,0
1760464539822,4,400,673.205,1760464521122,0,0,0,0
1760464539822,5,400,326.795,1760464521122,0,0,0,0
1760464539922,2,500,500,1760464521122,0,0,0,0
1760464539922,3,700,500,1760464521122,0,0,0,0
1760464539922,4,400,673.205,1760464521122,0,0,0,0
1760464539922,5,400,326.795,1760464521122,0,0,0,0
1760464540022,2,500,500,1760464521122,0,0,0,0
1760464540022,3,700,500,1760464521122,0,0,0,0
1760464540022,4,400,673.205,1760464521122,0,0,0,0
1760464540022,5,400,326.795,1760464521122,0,0,0,0
1760464540122,2,500,500,1760464521122,0,0,0,0
1760464540122,3,700,500,1760464521122,0,0,0,0
1760464540122,4,400,673.205,1760464521122,0,0,0,0
1760464540122,5,400,326.795,1760464521122,0,0,0,0
1760464540222,2,500,500,1760464521122,0,0,0,0
1760464540222,3,700,500,1760464521122,0,0,0,0
1760464540222,4,400,673.205,1760464521122,0,0,0,0
1760464540222,5,400,326.795,1760464521122,0,0,0,0
1760464540322,2,500,500,1760464521122,0,0,0,0
1760464540322,3,700,500,1760464521122,0,0,0,0
1760464540322,4,400,673.205,1760464521122,0,0,0,0
1760464540322,5,400,326.795,1760464521122,0,0,0,0
1760464540422,2,500,500,1760464521122,0,0,0,0
1760464540422,3,700,500,1760464521122,0,0,0,0
1760464540422,4,400,673.205,1760464521122,0,0,0,0
1760464540422,5,400,326.795,1760464521122,0,0,0,0
1760464540522,2,500,500,1760464521122,0,0,0,0
1760464540522,3,700,500,1760464521122,0,0,0,0
1760464540522,4,400,673.205,1760464521122,0,0,0,0
1760464540522,5,400,326.795,1760464521122,0,0,0,0
1760464540622,2,500,500,1760464521122,0,0,0,0
1760464540622,3,700,500,1760464521122,0,0,0,0
1760464540622,4,400,673.205,1760464521122,0,0,0,0
1760464540622,5,400,326.795,1760464521122,0,0,0,0
1760464540722,2,500,500,1760464521122,0,0,0,0
1760464540722,3,700,500,1760464521122,0,0,0,0
1760464540722,4,400,673.205,1760464521122,0,0,0,0
1760464540722,5,400,326.795,1760464521122,0,0,0,0
1760464540822,2,500,500,1760464521122,0,0,0,0
1760464540822,3,700,500,1760464521122,0,0,0,0
1760464540822,4,400,673.205,1760464521122,0,0,0,0
1760464540822,5,400,326.795,1760464521122,0,0,0,0
1760464540922,2,500,500,1760464521122,0,0,0,0
1760464540922,3,700,500,1760464521122,0,0,0,0
1760464540922,4,400,673.205,1760464521122,0,0,0,0
1760464540922,5,400,326.795,1760464521122,0,0,0,0
1760464541022,2,500,500,1760464521122,0,0,0,0
1760464541022,3,700,500,1760464521122,0,0,0,0
1760464541022,4,400,673.205,1760464521122,0,0,0,0
1760464541022,5,400,326.795,1760464521122,0,0,0,0
1760464541122,2,500,500,1760464521122,0,0,0,0
1760464541122,3,700,500,1760464521122,0,0,0,0
1760464541122,4,400,673.205,1760464521122,0,0,0,0
1760464541122,5,400,326.795,1760464521122,0,0,0,0
1760464541222,2,500,500,1760464521122,0,0,0,0
1760464541222,3,700,500,1760464521122,0,0,0,0
1760464541222,4,400,673.205,1760464521122,0,0,0,0
1760464541222,5,400,326.795,1760464521122,0,0,0,0
1760464541322,2,500,500,1760464521122,0,0,0,0
1760464541322,3,700,500,1760464521122,0,0,0,0
1760464541322,4,400,673.205,1760464521122,0,0,0,0
1760464541322,5,400,326.795,1760464521122,0,0,0,0
1760464541422,2,500,500,1760464521122,0,0,0,0
1760464541422,3,700,500,1760464521122,0,0,0,0
1760464541422,4,400,673.205,1760464521122,0,0,0,0
1760464541422,5,400,326.795,1760464521122,0,0,0,0
1760464541522,2,500,500,1760464521122,0,0,0,0
1760464541522,3,700,500,1760464521122,0,0,0,0
1760464541522,4,400,673.205,1760464521122,0,0,0,0
1760464541522,5,400,326.795,1760464521122,0,0,0,0
1760464541622,2,500,500,1760464521122,0,0,0,0
1760464541622,3,700,500,1760464521122,0,0,0,0
1760464541622,4,400,673.205,1760464521122,0,0,0,0
1760464541622,5,400,326.795,1760464521122,0,0,0,0
1760464541722,2,500,500,1760464521122,0,0,0,0
1760464541722,3,700,500,1760464521122,0,0,0,0
1760464541722,4,400,673.205,1760464521122,0,0,0,0
1760464541722,5,400,326.795,1760464521122,0,0,0,0
